0 0.2860243055555556 0.4252025462962963 0.030381944444444444 0.039641203703703706
0 0.3129340277777778 0.47858796296296297 0.09505208333333333 0.11921296296296297
0 0.3591579861111111 0.40914351851851855 0.032552083333333336 0.05844907407407408
0 0.4574652777777778 0.38310185185185186 0.015625 0.029513888888888888
0 0.4975043402777778 0.4732349537037037 0.041015625 0.07494212962962964
0 0.5109592013888888 0.41941550925925924 0.023220486111111112 0.037905092592592594
0 0.5487196180555556 0.4014756944444444 0.011501736111111112 0.02922453703703704
0 0.6197916666666666 0.39308449074074076 0.018229166666666668 0.03732638888888889
0 0.6511501736111112 0.42086226851851855 0.021484375 0.0390625
0 0.5973307291666666 0.3980034722222222 0.028862847222222224 0.033854166666666664
0 0.6460503472222222 0.5332754629629629 0.05164930555555555 0.07465277777777778
