0 0.16883680555555555 0.5444155092592593 0.05685763888888889 0.10271990740740741
0 0.22645399305555555 0.5150462962962963 0.060980902777777776 0.05381944444444445
0 0.2458767361111111 0.62109375 0.1267361111111111 0.20109953703703703
0 0.3363715277777778 0.4900173611111111 0.09765625 0.11603009259259259
0 0.4585503472222222 0.5120081018518519 0.09765625 0.09230324074074074
0 0.4443359375 0.4625289351851852 0.057074652777777776 0.035590277777777776
0 0.6272786458333334 0.5133101851851852 0.10091145833333333 0.10011574074074074
0 0.6026475694444444 0.4671585648148148 0.08506944444444445 0.09230324074074074
0 0.5998263888888888 0.4435763888888889 0.10503472222222222 0.09664351851851852
0 0.7249348958333334 0.4212962962962963 0.0818142361111111 0.09722222222222222
0 0.8474392361111112 0.47063078703703703 0.1519097222222222 0.12760416666666666
