0 0.3083767361111111 0.4709201388888889 0.017361111111111112 0.009548611111111112
0 0.3336588541666667 0.46846064814814814 0.017578125 0.009259259259259259
0 0.3440755208333333 0.46730324074074076 0.013671875 0.009837962962962963
0 0.3557942708333333 0.4703414351851852 0.013237847222222222 0.008391203703703705
0 0.3764105902777778 0.46455439814814814 0.012803819444444444 0.013020833333333334
0 0.4928385416666667 0.45515046296296297 0.010416666666666666 0.013888888888888888
0 0.4998914930555556 0.45298032407407407 0.007161458333333333 0.011284722222222222
0 0.6001519097222222 0.44126157407407407 0.011501736111111112 0.01273148148148148
0 0.6116536458333334 0.4363425925925926 0.012369791666666666 0.014467592592592593
0 0.6201171875 0.4369212962962963 0.012803819444444444 0.015046296296296295
