0 0.8189019097222222 0.6258680555555556 0.1447482638888889 0.40914351851851855
0 0.6755642361111112 0.6258680555555556 0.18880208333333334 0.4045138888888889
0 0.4074435763888889 0.5852141203703703 0.1799045138888889 0.2867476851851852
0 0.3052300347222222 0.4710648148148148 0.19639756944444445 0.10706018518518519
0 0.2934027777777778 0.5436921296296297 0.19835069444444445 0.17650462962962962
0 0.2828776041666667 0.6730324074074074 0.2341579861111111 0.25752314814814814
0 0.20345052083333334 0.7433449074074074 0.15733506944444445 0.43171296296296297
0 0.09700520833333333 0.4738136574074074 0.12196180555555555 0.12528935185185186
0 0.0949435763888889 0.5426793981481481 0.1130642361111111 0.23234953703703703
0 0.04481336805555555 0.5711805555555556 0.08875868055555555 0.24305555555555555
