0 0.6047092013888888 0.453125 0.026258680555555556 0.05497685185185185
0 0.5732421875 0.4578993055555556 0.024088541666666668 0.019386574074074073
0 0.5802951388888888 0.47120949074074076 0.03602430555555555 0.033854166666666664
0 0.4493272569444444 0.48466435185185186 0.019748263888888888 0.048032407407407406
0 0.5139973958333334 0.4664351851851852 0.03233506944444445 0.04456018518518518
0 0.4967447916666667 0.4583333333333333 0.012586805555555556 0.014467592592592593
0 0.4787326388888889 0.48032407407407407 0.021701388888888888 0.046296296296296294
0 0.4842664930555556 0.47164351851851855 0.036675347222222224 0.048032407407407406
0 0.4860026041666667 0.4796006944444444 0.017144097222222224 0.033854166666666664
0 0.4835069444444444 0.45992476851851855 0.012152777777777778 0.010127314814814815
