0 0.4271918402777778 0.44632523148148145 0.011935763888888888 0.011863425925925927
0 0.4322916666666667 0.4370659722222222 0.007378472222222222 0.010127314814814815
0 0.4731987847222222 0.4709201388888889 0.016710069444444444 0.019386574074074073
0 0.5231119791666666 0.4738136574074074 0.025824652777777776 0.02459490740740741
0 0.5479600694444444 0.46846064814814814 0.024305555555555556 0.02199074074074074
0 0.5514322916666666 0.4699074074074074 0.014322916666666666 0.024305555555555556
0 0.3873697916666667 0.42954282407407407 0.014322916666666666 0.011284722222222222
0 0.3981119791666667 0.4302662037037037 0.007595486111111111 0.010416666666666666
0 0.3687065972222222 0.4331597222222222 0.018663194444444444 0.014467592592592593
0 0.3693576388888889 0.4366319444444444 0.011284722222222222 0.013888888888888888
0 0.5967881944444444 0.47251157407407407 0.019097222222222224 0.019097222222222224
