0 0.4446614583333333 0.5309606481481481 0.014756944444444444 0.019097222222222224
0 0.4241536458333333 0.49594907407407407 0.006727430555555556 0.013888888888888888
0 0.4138454861111111 0.5023148148148148 0.016059027777777776 0.014467592592592593
0 0.3978949652777778 0.48640046296296297 0.008463541666666666 0.010416666666666666
0 0.3865017361111111 0.4855324074074074 0.014756944444444444 0.01099537037037037
0 0.3717447916666667 0.48842592592592593 0.013020833333333334 0.01273148148148148
0 0.3655598958333333 0.49189814814814814 0.015407986111111112 0.01273148148148148
0 0.5080295138888888 0.5285011574074074 0.018229166666666668 0.026909722222222224
0 0.5218098958333334 0.5130208333333334 0.008463541666666666 0.02141203703703704
0 0.5212673611111112 0.5319733796296297 0.010850694444444444 0.02459490740740741
0 0.5669487847222222 0.5355902777777778 0.018012152777777776 0.015046296296296295
