0 0.3146875 0.6070833333333333 0.061875 0.04083333333333333
0 0.294375 0.6004166666666667 0.055 0.035833333333333335
0 0.631875 0.5766666666666667 0.055 0.058333333333333334
0 0.611875 0.5491666666666667 0.05625 0.056666666666666664
0 0.525625 0.59 0.0825 0.07666666666666666
0 0.47125 0.6016666666666667 0.07125 0.06666666666666667
0 0.4446875 0.5654166666666667 0.059375 0.04583333333333333
0 0.408125 0.55 0.05 0.05333333333333334
0 0.373125 0.5491666666666667 0.03125 0.028333333333333332
0 0.3759375 0.5758333333333333 0.041875 0.03833333333333333
0 0.330625 0.5879166666666666 0.03 0.0175
