0 0.1334252450980392 0.4758986928104575 0.01011029411764706 0.015522875816993464
0 0.07138480392156862 0.4834558823529412 0.011642156862745098 0.010212418300653595
0 0.042279411764705885 0.5012254901960784 0.011642156862745098 0.012254901960784314
0 0.21966911764705882 0.43280228758169936 0.011642156862745098 0.014297385620915032
0 0.20511642156862744 0.5839460784313726 0.019301470588235295 0.028186274509803922
0 0.22579656862745098 0.7297794117647058 0.0428921568627451 0.02900326797385621
0 0.2340686274509804 0.7154820261437909 0.07904411764705882 0.030637254901960783
0 0.1135110294117647 0.7205882352941176 0.08302696078431372 0.03839869281045752
0 0.7670036764705882 0.5982434640522876 0.05238970588235294 0.03227124183006536
0 0.7428002450980392 0.6145833333333334 0.04442401960784314 0.044526143790849675
0 0.6058517156862745 0.6523692810457516 0.0664828431372549 0.05228758169934641
0 0.5560661764705882 0.577001633986928 0.04534313725490196 0.037173202614379085
0 0.4489889705882353 0.5194035947712419 0.026041666666666668 0.026552287581699346
0 0.38985906862745096 0.556781045751634 0.02297794117647059 0.029411764705882353
0 0.4185049019607843 0.2973856209150327 0.012254901960784314 0.018790849673202614
0 0.4739583333333333 0.27124183006535946 0.014093137254901961 0.011437908496732025
0 0.5465686274509803 0.2734885620915033 0.012254901960784314 0.011029411764705883
0 0.5274203431372549 0.2673611111111111 0.018075980392156864 0.02165032679738562
0 0.5049019607843137 0.2890114379084967 0.018995098039215685 0.03227124183006536
0 0.6107536764705882 0.3584558823529412 0.02542892156862745 0.02246732026143791
0 0.6256127450980392 0.3596813725490196 0.03553921568627451 0.024101307189542485
0 0.6521139705882353 0.3560049019607843 0.02297794117647059 0.01838235294117647
0 0.6513480392156863 0.3713235294117647 0.037377450980392156 0.02696078431372549
0 0.5998774509803921 0.22303921568627452 0.014705882352941176 0.018790849673202614
