0 0.5581597222222222 0.5120081018518519 0.022569444444444444 0.01707175925925926
0 0.517578125 0.5046296296296297 0.024305555555555556 0.02199074074074074
0 0.5162760416666666 0.49609375 0.0078125 0.005497685185185185
0 0.5041232638888888 0.49681712962962965 0.020399305555555556 0.01678240740740741
0 0.4536675347222222 0.4691840277777778 0.011501736111111112 0.014178240740740741
0 0.439453125 0.4774305555555556 0.019097222222222224 0.012152777777777778
0 0.4368489583333333 0.4600694444444444 0.007378472222222222 0.010416666666666666
0 0.4266493055555556 0.45949074074074076 0.013020833333333334 0.011574074074074073
0 0.4140625 0.4597800925925926 0.016927083333333332 0.010416666666666666
0 0.4048394097222222 0.46469907407407407 0.014539930555555556 0.012152777777777778
