0 0.1597222222222222 0.3833912037037037 0.04210069444444445 0.043402777777777776
0 0.2845052083333333 0.4380787037037037 0.07725694444444445 0.08796296296296297
0 0.2775607638888889 0.3894675925925926 0.023003472222222224 0.03298611111111111
0 0.3008897569444444 0.4074074074074074 0.044487847222222224 0.02546296296296296
0 0.2843967013888889 0.34794560185185186 0.016710069444444444 0.022858796296296297
0 0.2875434027777778 0.3666087962962963 0.03125 0.041666666666666664
0 0.3668619791666667 0.37890625 0.043619791666666664 0.055844907407407406
0 0.3865017361111111 0.5147569444444444 0.035590277777777776 0.109375
0 0.5669487847222222 0.47974537037037035 0.0705295138888889 0.04398148148148148
0 0.7836371527777778 0.5855034722222222 0.06597222222222222 0.17563657407407407
0 0.8803168402777778 0.5096932870370371 0.08832465277777778 0.06684027777777778
