0 0.6259375 0.43833333333333335 0.085625 0.07333333333333333
0 0.5759375 0.4554166666666667 0.071875 0.07083333333333333
0 0.725625 0.42 0.05125 0.065
0 0.68875 0.39875 0.075 0.06583333333333333
0 0.6515625 0.39208333333333334 0.056875 0.0425
0 0.4659375 0.41875 0.045625 0.0625
0 0.4421875 0.43125 0.056875 0.0575
0 0.4190625 0.4379166666666667 0.025625 0.0175
0 0.418125 0.4708333333333333 0.0525 0.058333333333333334
0 0.3896875 0.46125 0.029375 0.010833333333333334
0 0.3884375 0.47583333333333333 0.074375 0.05
