0 0.35375 0.5525 0.06125 0.051666666666666666
0 0.395 0.49041666666666667 0.0575 0.07583333333333334
0 0.61 0.4475 0.0675 0.05
0 0.561875 0.42291666666666666 0.0225 0.030833333333333334
0 0.52875 0.43333333333333335 0.055 0.04666666666666667
0 0.56375 0.44916666666666666 0.02625 0.04
0 0.5196875 0.4625 0.065625 0.03166666666666667
0 0.4678125 0.45958333333333334 0.059375 0.059166666666666666
0 0.5059375 0.48625 0.070625 0.034166666666666665
0 0.481875 0.5179166666666667 0.05125 0.05416666666666667
