0 0.2290581597222222 0.5478877314814815 0.05881076388888889 0.08825231481481481
0 0.2980685763888889 0.52734375 0.029296875 0.0720486111111111
0 0.3375651041666667 0.49363425925925924 0.023220486111111112 0.05555555555555555
0 0.5013020833333334 0.4839409722222222 0.034722222222222224 0.04137731481481482
0 0.5804036458333334 0.453125 0.022352430555555556 0.03587962962962963
0 0.6653645833333334 0.4613715277777778 0.046875 0.05758101851851852
0 0.5959201388888888 0.3676215277777778 0.016493055555555556 0.03153935185185185
0 0.6340060763888888 0.3912037037037037 0.018012152777777776 0.03356481481481482
0 0.7284071180555556 0.3470775462962963 0.04014756944444445 0.0390625
0 0.7426215277777778 0.3893229166666667 0.023003472222222224 0.055266203703703706
0 0.7810329861111112 0.3771701388888889 0.0234375 0.04369212962962963
