0 0.724609375 0.4201388888888889 0.10286458333333333 0.11863425925925926
0 0.6307508680555556 0.4088541666666667 0.07530381944444445 0.10011574074074074
0 0.5972222222222222 0.5141782407407407 0.10590277777777778 0.15393518518518517
0 0.5148654513888888 0.4988425925925926 0.12261284722222222 0.14293981481481483
0 0.4738498263888889 0.5121527777777778 0.14952256944444445 0.16087962962962962
0 0.4070095486111111 0.5256076388888888 0.0857204861111111 0.18258101851851852
0 0.3601345486111111 0.5163483796296297 0.11436631944444445 0.1495949074074074
0 0.2965494791666667 0.5557002314814815 0.15690104166666666 0.18605324074074073
0 0.2230902777777778 0.46903935185185186 0.15625 0.06944444444444445
0 0.2297092013888889 0.5486111111111112 0.1521267361111111 0.18055555555555555
