0 0.6388888888888888 0.43995949074074076 0.016927083333333332 0.053530092592592594
0 0.7077907986111112 0.4212962962962963 0.04665798611111111 0.05439814814814815
0 0.8028428819444444 0.4320023148148148 0.041015625 0.029513888888888888
0 0.763671875 0.4380787037037037 0.11328125 0.04282407407407408
0 0.7464192708333334 0.5040509259259259 0.14778645833333334 0.109375
0 0.5832248263888888 0.6268807870370371 0.1273871527777778 0.21961805555555555
0 0.4476996527777778 0.6329571759259259 0.15234375 0.1675347222222222
0 0.10492621527777778 0.7374131944444444 0.15733506944444445 0.14265046296296297
0 0.6164279513888888 0.4681712962962963 0.041015625 0.1111111111111111
0 0.5700954861111112 0.4696180555555556 0.037760416666666664 0.09606481481481481
0 0.5157335069444444 0.4709201388888889 0.080078125 0.08130787037037036
