0 0.5536024305555556 0.49363425925925924 0.009548611111111112 0.023726851851851853
0 0.5463324652777778 0.48972800925925924 0.023220486111111112 0.015335648148148149
0 0.5398220486111112 0.4934895833333333 0.013237847222222222 0.014756944444444444
0 0.5278862847222222 0.4949363425925926 0.020182291666666668 0.01707175925925926
0 0.5111762152777778 0.49464699074074076 0.011935763888888888 0.015914351851851853
0 0.5091145833333334 0.46513310185185186 0.013020833333333334 0.01070601851851852
0 0.4947916666666667 0.4732349537037037 0.017361111111111112 0.011284722222222222
0 0.5052083333333334 0.45674189814814814 0.007378472222222222 0.008391203703703705
0 0.4827473958333333 0.4574652777777778 0.014105902777777778 0.010416666666666666
0 0.4911024305555556 0.45500578703703703 0.008246527777777778 0.01070601851851852
0 0.4979383680555556 0.45558449074074076 0.008029513888888888 0.01070601851851852
