0 0.6964699074074074 0.4849175347222222 0.011574074074074073 0.018012152777777776
0 0.6603009259259259 0.4629991319444444 0.02199074074074074 0.014539930555555556
0 0.6338252314814815 0.4637586805555556 0.01707175925925926 0.015625
0 0.5895543981481481 0.4586588541666667 0.03211805555555555 0.016276041666666668
0 0.6044560185185185 0.4949001736111111 0.02199074074074074 0.012803819444444444
0 0.5975115740740741 0.5059678819444444 0.015046296296296295 0.019314236111111112
0 0.5583043981481481 0.4791666666666667 0.01707175925925926 0.013454861111111112
0 0.5073784722222222 0.4754774305555556 0.015335648148148149 0.013454861111111112
0 0.4735243055555556 0.5221354166666666 0.0234375 0.019097222222222224
0 0.4921875 0.5210503472222222 0.01099537037037037 0.017795138888888888
0 0.49594907407407407 0.529296875 0.019675925925925927 0.025173611111111112
