0 0.8404947916666666 0.40827546296296297 0.12369791666666667 0.1255787037037037
0 0.7513020833333334 0.3988715277777778 0.078125 0.09461805555555555
0 0.6890190972222222 0.4513888888888889 0.07378472222222222 0.06886574074074074
0 0.7024739583333334 0.5332754629629629 0.11197916666666667 0.14641203703703703
0 0.619140625 0.4930555555555556 0.1032986111111111 0.08680555555555555
0 0.5552300347222222 0.5240162037037037 0.08441840277777778 0.17592592592592593
0 0.5946180555555556 0.5290798611111112 0.1527777777777778 0.14438657407407407
0 0.4680989583333333 0.5127314814814815 0.10416666666666667 0.13194444444444445
0 0.3591579861111111 0.5215567129629629 0.1371527777777778 0.07841435185185185
0 0.3943142361111111 0.5814525462962963 0.109375 0.1484375
