0 0.601875 0.4895833333333333 0.02625 0.030833333333333334
0 0.569375 0.5020833333333333 0.05875 0.059166666666666666
0 0.600625 0.5195833333333333 0.045 0.04583333333333333
0 0.5571875 0.535 0.064375 0.03833333333333333
0 0.5234375 0.5670833333333334 0.049375 0.0575
0 0.423125 0.56 0.04375 0.06666666666666667
0 0.375 0.5708333333333333 0.06 0.041666666666666664
0 0.3578125 0.6045833333333334 0.059375 0.050833333333333335
0 0.3815625 0.5958333333333333 0.051875 0.03166666666666667
0 0.385 0.62 0.055 0.04
0 0.4178125 0.6079166666666667 0.030625 0.04083333333333333
