0 0.1013454861111111 0.38961226851851855 0.1501736111111111 0.15422453703703703
0 0.1566840277777778 0.32884837962962965 0.1306423611111111 0.09809027777777778
0 0.5406901041666666 0.34736689814814814 0.1095920138888889 0.08998842592592593
0 0.5737847222222222 0.2673611111111111 0.05772569444444445 0.06481481481481481
0 0.6221788194444444 0.2589699074074074 0.049479166666666664 0.03993055555555555
0 0.6346571180555556 0.3023726851851852 0.10004340277777778 0.06712962962962964
0 0.7413194444444444 0.28139467592592593 0.06510416666666667 0.06336805555555555
0 0.7587890625 0.3333333333333333 0.1091579861111111 0.10127314814814815
0 0.8095703125 0.28443287037037035 0.08051215277777778 0.06655092592592593
0 0.8424479166666666 0.3404224537037037 0.10243055555555555 0.0697337962962963
