0 0.7464767156862745 0.7103758169934641 0.12775735294117646 0.125
0 0.5698529411764706 0.6343954248366013 0.11825980392156862 0.11601307189542484
0 0.3981311274509804 0.5500408496732027 0.05361519607843137 0.060866013071895424
0 0.38817401960784315 0.5179738562091504 0.0196078431372549 0.02042483660130719
0 0.30361519607843135 0.4987745098039216 0.0196078431372549 0.015522875816993464
0 0.3180147058823529 0.49836601307189543 0.010416666666666666 0.007352941176470588
0 0.30162377450980393 0.505718954248366 0.021752450980392156 0.014705882352941176
0 0.27068014705882354 0.5320669934640523 0.03155637254901961 0.05759803921568627
0 0.22916666666666666 0.5153186274509803 0.05575980392156863 0.0625
0 0.2665441176470588 0.5042892156862745 0.027573529411764705 0.016748366013071895
0 0.8120404411764706 0.6290849673202614 0.03278186274509804 0.02696078431372549
0 0.8802083333333334 0.6478758169934641 0.02267156862745098 0.02696078431372549
0 0.8406862745098039 0.46486928104575165 0.02144607843137255 0.035130718954248366
0 0.90625 0.28370098039215685 0.015931372549019607 0.023284313725490197
0 0.8059129901960784 0.3355800653594771 0.012561274509803922 0.016748366013071895
0 0.7218137254901961 0.3625408496732026 0.012254901960784314 0.013480392156862746
0 0.6541053921568627 0.3931781045751634 0.015931372549019607 0.013480392156862746
0 0.5188419117647058 0.48794934640522875 0.004595588235294118 0.0053104575163398695
0 0.5245098039215687 0.4838643790849673 0.00857843137254902 0.00857843137254902
