0 0.4076605902777778 0.4231770833333333 0.014105902777777778 0.028645833333333332
0 0.4015842013888889 0.46383101851851855 0.03537326388888889 0.05092592592592592
0 0.4065755208333333 0.5149016203703703 0.035807291666666664 0.07320601851851852
0 0.5287543402777778 0.5568576388888888 0.05750868055555555 0.09114583333333333
0 0.5684678819444444 0.5170717592592593 0.043619791666666664 0.043402777777777776
0 0.7734375 0.5745081018518519 0.059895833333333336 0.053530092592592594
0 0.5793185763888888 0.4535590277777778 0.025390625 0.03501157407407408
0 0.4805772569444444 0.45703125 0.030164930555555556 0.02922453703703704
0 0.4939236111111111 0.4437210648148148 0.015625 0.02806712962962963
0 0.5256076388888888 0.43330439814814814 0.026909722222222224 0.030960648148148147
0 0.5347222222222222 0.42578125 0.014322916666666666 0.03269675925925926
