0 0.5064019097222222 0.5026041666666666 0.004123263888888889 0.008680555555555556
0 0.5007595486111112 0.4986979166666667 0.003689236111111111 0.003761574074074074
0 0.5001085069444444 0.5030381944444444 0.008463541666666666 0.0078125
0 0.4943576388888889 0.5020254629629629 0.00390625 0.009259259259259259
0 0.4914279513888889 0.49855324074074076 0.004123263888888889 0.006944444444444444
0 0.4858940972222222 0.49985532407407407 0.009548611111111112 0.008391203703703705
0 0.4665798611111111 0.4982638888888889 0.009982638888888888 0.005787037037037037
0 0.4636501736111111 0.5047743055555556 0.011935763888888888 0.009548611111111112
0 0.4403211805555556 0.49985532407407407 0.013020833333333334 0.008391203703703705
0 0.4197048611111111 0.5007233796296297 0.011284722222222222 0.008391203703703705
0 0.4280598958333333 0.5096932870370371 0.007595486111111111 0.005497685185185185
