0 0.716124439239502 0.32154519822862415 0.08381137847900391 0.2764237509833442
0 0.621875 0.29375 0.1046875 0.15694444444444444
0 0.53125 0.2388888888888889 0.0421875 0.20277777777777778
0 0.52421875 0.6263888888888889 0.2640625 0.2611111111111111
0 0.387109375 0.8201388888888889 0.32734375 0.3013888888888889
0 0.816015625 0.28194444444444444 0.08671875 0.12777777777777777
0 0.2880683422088623 0.26392152574327254 0.05113668441772461 0.21395416259765626
0 0.06526471376419067 0.2640580071343316 0.047716927528381345 0.14756046930948893
0 0.0234375 0.35 0.0375 0.125
0 0.08671875 0.5972222222222222 0.0375 0.11944444444444445
0 0.251953125 0.6791666666666667 0.06328125 0.23333333333333334
0 0.30234375 0.7604166666666666 0.1046875 0.39305555555555555
0 0.3453125 0.5833333333333334 0.078125 0.225
0 0.315234375 0.38680555555555557 0.07578125 0.22361111111111112
