0 0.9427960395812989 0.5033267974853516 0.08246707320213317 0.25387579600016275
0 0.5394802570343018 0.2419765896267361 0.04458551704883575 0.20617540147569444
0 0.669140625 0.26319444444444445 0.04921875 0.2263888888888889
0 0.603515625 0.24583333333333332 0.04765625 0.20833333333333334
0 0.468359375 0.24791666666666667 0.04609375 0.2125
0 0.8881071090698243 0.697564442952474 0.17933926582336426 0.36735110812717015
0 0.730859375 0.2652777777777778 0.03984375 0.20833333333333334
0 0.838671875 0.26666666666666666 0.05546875 0.18888888888888888
0 0.14610496759414673 0.26401969061957464 0.05314743518829346 0.18637271457248264
0 0.28490939140319826 0.26278601752387154 0.04950627982616425 0.2200164794921875
0 0.06264135837554932 0.27267689175075954 0.04559521973133087 0.16202043957180448
0 0.02578125 0.5020833333333333 0.05 0.1597222222222222
0 0.19378430843353273 0.24560970730251735 0.05319362282752991 0.1439971923828125
0 0.019921875 0.34375 0.03515625 0.17083333333333334
0 0.17109375 0.39375 0.0953125 0.2125
