0 0.465625 0.2465277777777778 0.046875 0.20972222222222223
0 0.666796875 0.2625 0.04453125 0.225
0 0.605078125 0.24375 0.04921875 0.2013888888888889
0 0.53046875 0.24166666666666667 0.0421875 0.20555555555555555
0 0.7968246459960937 0.28166109720865884 0.0545867919921875 0.22443330552842883
0 0.842740249633789 0.27888849046495223 0.044855499267578126 0.19388809204101562
0 0.73203125 0.25972222222222224 0.040625 0.20555555555555555
0 0.408984375 0.24930555555555556 0.03984375 0.21805555555555556
0 0.0845445990562439 0.527999284532335 0.1612766981124878 0.27266523573133683
0 0.08671875 0.2722222222222222 0.0546875 0.18333333333333332
0 0.2816188335418701 0.20901758405897353 0.049175167083740236 0.10136850145128039
0 0.05234375 0.2847222222222222 0.0328125 0.14444444444444443
0 0.280859375 0.3486111111111111 0.10546875 0.21388888888888888
