0 0.47109375 0.25277777777777777 0.0453125 0.2111111111111111
0 0.9372012138366699 0.568035634358724 0.07127742767333985 0.2805157131618924
0 0.7279301643371582 0.2625528335571289 0.041797828674316403 0.2001056671142578
0 0.5921875 0.3034722222222222 0.071875 0.1986111111111111
0 0.6265064239501953 0.6209993150499132 0.16551283597946168 0.4392208523220486
0 0.2328125 0.25763888888888886 0.05625 0.2152777777777778
0 0.2859375 0.6305555555555555 0.1265625 0.3861111111111111
0 0.15 0.27361111111111114 0.0703125 0.19444444444444445
0 0.112109375 0.27291666666666664 0.05390625 0.18472222222222223
0 0.43046875 0.5902777777777778 0.159375 0.2722222222222222
0 0.660546875 0.3020833333333333 0.07734375 0.1986111111111111
0 0.06015625 0.2743055555555556 0.05 0.15694444444444444
0 0.28828125 0.25625 0.0453125 0.1986111111111111
0 0.070703125 0.6826388888888889 0.06328125 0.15138888888888888
