0 0.7918960094451905 0.2769894070095486 0.05879201889038086 0.22897881401909723
0 0.4051006317138672 0.2565543280707465 0.04145126640796661 0.22421976725260417
0 0.4706131458282471 0.24525176154242623 0.03966379165649414 0.2071701897515191
0 0.5422052383422852 0.2446758270263672 0.048472973704338077 0.21712945302327474
0 0.6029261589050293 0.24785321553548176 0.04335231781005859 0.20403976440429689
0 0.666633415222168 0.25496349334716795 0.042641830444335935 0.20992698669433593
0 0.17984241247177124 0.26659859551323783 0.04405982494354248 0.17486386828952366
0 0.23649563789367675 0.25171644422743056 0.05267877578735351 0.19232177734375
0 0.8777276039123535 0.6986787584092882 0.19139269590377808 0.28069080776638455
0 0.84453125 0.24027777777777778 0.046875 0.2111111111111111
0 0.06484375 0.3194444444444444 0.0609375 0.17222222222222222
