0 0.3711817741394043 0.6567001342773438 0.28923854827880857 0.31062249077690973
0 0.841488265991211 0.824967787000868 0.2736015319824219 0.24160224066840277
0 0.401953125 0.24722222222222223 0.04453125 0.21666666666666667
0 0.4671875 0.24861111111111112 0.0453125 0.2222222222222222
0 0.667578125 0.25833333333333336 0.04765625 0.2222222222222222
0 0.72578125 0.25833333333333336 0.0421875 0.20555555555555555
0 0.530859375 0.24097222222222223 0.04453125 0.2152777777777778
0 0.8517246246337891 0.2748898612128364 0.06438674926757812 0.19422416687011718
0 0.28430311679840087 0.2641910129123264 0.04673123359680176 0.21449313693576388
0 0.2367609739303589 0.26023553212483724 0.05164694786071777 0.2065821753607856
0 0.08046875 0.28194444444444444 0.05 0.175
0 0.143359375 0.28055555555555556 0.07265625 0.225
0 0.194140625 0.25972222222222224 0.04921875 0.18888888888888888
0 0.11171875 0.2701388888888889 0.059375 0.17916666666666667
0 0.05625 0.27361111111111114 0.04375 0.17777777777777778
