0 0.30512266159057616 0.5565237257215712 0.1289953351020813 0.3158252504136827
0 0.45992345809936525 0.23885989718967013 0.06515941619873047 0.30549757215711804
0 0.7036214828491211 0.32860391404893663 0.11505546569824218 0.2127633836534288
0 0.401953125 0.24791666666666667 0.04609375 0.2125
0 0.7943544387817383 0.2778652403089735 0.059021377563476564 0.21961936950683594
0 0.6078125 0.24444444444444444 0.0484375 0.19722222222222222
0 0.53046875 0.24097222222222223 0.04375 0.20972222222222223
0 0.8420645713806152 0.2652801513671875 0.04350414276123047 0.16944919162326388
0 0.16091976165771485 0.3686361524793837 0.14371453523635863 0.2039389928181966
0 0.05069596767425537 0.5659690433078342 0.09514194130897521 0.3347158432006836
0 0.2823870420455933 0.25351075066460504 0.04914908707141876 0.2042437235514323
0 0.013671875 0.46319444444444446 0.02734375 0.1986111111111111
0 0.19096522331237792 0.24340684678819444 0.04911794662475586 0.13125814861721463
0 0.112890625 0.2513888888888889 0.06328125 0.15
0 0.087109375 0.6069444444444444 0.08203125 0.30277777777777776
