0 0.56953125 0.3375 0.2046875 0.21944444444444444
0 0.9032743453979493 0.6651383717854817 0.15029870271682738 0.2858322991265191
0 0.7413332462310791 0.29592056274414064 0.0498539924621582 0.20573001437717015
0 0.40755419731140136 0.2485012690226237 0.04010839462280273 0.20533587137858073
0 0.14666194915771485 0.26664536794026694 0.06676139831542968 0.2138462914360894
0 0.7928047180175781 0.27109241485595703 0.05592193603515625 0.22274038526746961
0 0.3626228332519531 0.705977037217882 0.27368319034576416 0.22028740776909722
0 0.04632251560688019 0.30924644470214846 0.06764503121376038 0.21849288940429687
0 0.542578125 0.18333333333333332 0.04453125 0.14444444444444443
0 0.598828125 0.19375 0.04765625 0.10694444444444444
0 0.076171875 0.6555555555555556 0.07890625 0.16111111111111112
0 0.280078125 0.3194444444444444 0.16328125 0.16944444444444445
0 0.283984375 0.1986111111111111 0.05703125 0.09166666666666666
0 0.286328125 0.46875 0.07421875 0.27361111111111114
