0 0.8578125 0.5208333333333334 0.1984375 0.3611111111111111
0 0.46387314796447754 0.4785838233100043 0.1511837959289551 0.31272320217556426
0 0.60859375 0.24305555555555555 0.0484375 0.19444444444444445
0 0.373828125 0.8041666666666667 0.30078125 0.28055555555555556
0 0.812890625 0.2902777777777778 0.09296875 0.1111111111111111
0 0.21546409130096436 0.2641509373982747 0.07780318260192871 0.1144129859076606
0 0.53359375 0.29097222222222224 0.0890625 0.17083333333333334
0 0.085546875 0.26319444444444445 0.05078125 0.17916666666666667
0 0.34453125 0.5770833333333333 0.0859375 0.2013888888888889
0 0.056640625 0.26180555555555557 0.03671875 0.12638888888888888
0 0.023046875 0.34791666666666665 0.03515625 0.10416666666666667
0 0.253125 0.6881944444444444 0.0734375 0.22361111111111112
