0 0.6702373027801514 0.26208695305718316 0.045162105560302736 0.215840572781033
0 0.7899740219116211 0.2765780342949761 0.05182304382324219 0.21704495747884114
0 0.611328125 0.8229166666666666 0.31015625 0.3347222222222222
0 0.533984375 0.23541666666666666 0.04921875 0.2125
0 0.922076416015625 0.6511819627549913 0.11446533203125 0.31069728003607855
0 0.40390625 0.22152777777777777 0.0484375 0.29305555555555557
0 0.2973013401031494 0.6253309461805555 0.16179016828536988 0.37010633680555555
0 0.7372053146362305 0.26649672190348306 0.04159812927246094 0.2024378882514106
0 0.14425292015075683 0.26772569020589193 0.06506834030151368 0.1798958248562283
0 0.083984375 0.28194444444444444 0.05859375 0.16666666666666666
0 0.24947688579559327 0.26238441467285156 0.066141277551651 0.06921327379014756
0 0.242578125 0.3993055555555556 0.14140625 0.24027777777777778
0 0.02421875 0.34375 0.0375 0.10416666666666667
0 0.153125 0.44583333333333336 0.1125 0.20277777777777778
0 0.283203125 0.1986111111111111 0.05703125 0.09444444444444444
0 0.0734375 0.6666666666666666 0.0828125 0.15
