0 0.463671875 0.48680555555555555 0.14921875 0.3013888888888889
0 0.535546875 0.3486111111111111 0.12421875 0.32222222222222224
0 0.8515625 0.5277777777777778 0.2046875 0.3472222222222222
0 0.6161206722259521 0.3392712910970052 0.1322413444519043 0.328542603386773
0 0.2515625 0.6951388888888889 0.0625 0.21805555555555556
0 0.055859375 0.27708333333333335 0.03203125 0.1486111111111111
0 0.21625072956085206 0.26729753282335067 0.07937645316123962 0.10959506564670139
0 0.819140625 0.29375 0.08046875 0.10972222222222222
0 0.025390625 0.3486111111111111 0.03515625 0.1111111111111111
0 0.08515625 0.27708333333333335 0.0578125 0.1625
0 0.32109375 0.3888888888888889 0.071875 0.21944444444444444
0 0.34375 0.5798611111111112 0.075 0.2152777777777778
0 0.339453125 0.7430555555555556 0.13671875 0.4305555555555556
