0 0.9156185150146484 0.5672799852159288 0.15467453002929688 0.2651155047946506
0 0.791504192352295 0.2777066124810113 0.056445884704589847 0.22207989162868924
0 0.716015625 0.48819444444444443 0.18203125 0.31805555555555554
0 0.6071713447570801 0.24316692352294922 0.044030189514160156 0.2891116248236762
0 0.66953125 0.2423611111111111 0.0484375 0.18472222222222223
0 0.406768798828125 0.34929767184787325 0.05416259765625 0.24859532250298394
0 0.06821714639663697 0.35164676242404513 0.10518429279327393 0.2532935036553277
0 0.344921875 0.5715277777777777 0.08515625 0.20972222222222223
0 0.27578125 0.3111111111111111 0.1296875 0.17777777777777778
0 0.025 0.3423611111111111 0.0375 0.13194444444444445
0 0.288671875 0.47638888888888886 0.07421875 0.2722222222222222
0 0.830859375 0.30277777777777776 0.06171875 0.08333333333333333
