0 0.619140625 0.2902777777777778 0.10234375 0.16666666666666666
0 0.7153456687927247 0.3201530032687717 0.08069133758544922 0.2819726520114475
0 0.190625 0.2611111111111111 0.103125 0.2111111111111111
0 0.529296875 0.24166666666666667 0.04765625 0.20555555555555555
0 0.441015625 0.25833333333333336 0.11328125 0.3333333333333333
0 0.817578125 0.28194444444444444 0.08359375 0.125
0 0.387109375 0.8111111111111111 0.31796875 0.29444444444444445
0 0.2828125 0.2604166666666667 0.04375 0.1875
0 0.020703125 0.4534722222222222 0.03828125 0.2152777777777778
0 0.08359375 0.5979166666666667 0.0390625 0.10416666666666667
0 0.294140625 0.7631944444444444 0.09921875 0.39861111111111114
0 0.255859375 0.6854166666666667 0.03828125 0.21805555555555556
0 0.3390625 0.5888888888888889 0.0859375 0.22777777777777777
0 0.31875 0.3840277777777778 0.065625 0.2263888888888889
