0 0.3058244466781616 0.5552181667751737 0.12883639335632324 0.31599188910590276
0 0.796376895904541 0.2776792738172743 0.06150379776954651 0.21091410319010417
0 0.53515625 0.24583333333333332 0.0453125 0.21944444444444444
0 0.466796875 0.21319444444444444 0.05078125 0.26805555555555555
0 0.671484375 0.25625 0.05546875 0.22083333333333333
0 0.8706731796264648 0.6985810173882379 0.2147838592529297 0.3110509448581272
0 0.8436912536621094 0.2814506106906467 0.04675751030445099 0.1879012213812934
0 0.40703125 0.2513888888888889 0.0421875 0.225
0 0.1140625 0.26805555555555555 0.0609375 0.18888888888888888
0 0.051953125 0.5083333333333333 0.09765625 0.24444444444444444
0 0.02265625 0.40555555555555556 0.0453125 0.1388888888888889
0 0.04609375 0.3104166666666667 0.04375 0.1486111111111111
0 0.28515625 0.20416666666666666 0.0484375 0.12222222222222222
0 0.31875 0.34097222222222223 0.0796875 0.25416666666666665
0 0.26953125 0.3590277777777778 0.0875 0.2375
