0 0.6694143295288086 0.2556608412000868 0.04507865905761719 0.20298834906684027
0 0.5359375 0.24375 0.040625 0.19583333333333333
0 0.792578125 0.2743055555555556 0.05390625 0.22361111111111112
0 0.4078125 0.24930555555555556 0.046875 0.20694444444444443
0 0.6005118370056153 0.2543656455145942 0.04477367401123047 0.2059535132514106
0 0.733984375 0.2652777777777778 0.04921875 0.20833333333333334
0 0.848291015625 0.295755492316352 0.04189453125 0.166510984632704
0 0.35945992469787597 0.7035649617513021 0.276732349395752 0.2182409922281901
0 0.14820318222045897 0.26722257402208116 0.06359385848045349 0.1872229258219401
0 0.21334211826324462 0.386328125 0.06418424248695373 0.22543402777777777
0 0.2800723075866699 0.20071822272406684 0.05389461517333984 0.08754755655924479
0 0.084765625 0.25416666666666665 0.06015625 0.2222222222222222
0 0.02578125 0.3472222222222222 0.0421875 0.10833333333333334
0 0.291796875 0.4708333333333333 0.07578125 0.275
0 0.070703125 0.6722222222222223 0.06953125 0.1527777777777778
0 0.279296875 0.3194444444444444 0.13828125 0.16111111111111112
