0 0.43046875 0.3909722222222222 0.159375 0.3236111111111111
0 0.9271214485168457 0.5777738783094618 0.09643039703369141 0.26388111114501955
0 0.789218521118164 0.27495803833007815 0.051874542236328126 0.2193605211046007
0 0.369140625 0.7041666666666667 0.27578125 0.24722222222222223
0 0.5958032608032227 0.30207271575927735 0.06504402160644532 0.2041454315185547
0 0.11616442203521729 0.2690670861138238 0.05420383810997009 0.1853563944498698
0 0.46640625 0.21736111111111112 0.046875 0.14583333333333334
0 0.020703125 0.4673611111111111 0.03984375 0.1375
0 0.19008541107177734 0.24979784223768448 0.07079582214355469 0.20792901780870227
0 0.701171875 0.31805555555555554 0.06015625 0.19166666666666668
0 0.049408566951751706 0.3317002402411567 0.04881713092327118 0.15506714714898004
0 0.09609375 0.5798611111111112 0.13125 0.1375
0 0.660546875 0.3104166666666667 0.07734375 0.18194444444444444
