0 0.86328125 0.6805555555555556 0.2265625 0.26666666666666666
0 0.53828125 0.2388888888888889 0.0421875 0.20555555555555555
0 0.7937381744384766 0.28039016723632815 0.05310134887695313 0.22466922336154513
0 0.607421875 0.24444444444444444 0.04609375 0.20277777777777778
0 0.466796875 0.24375 0.04609375 0.20416666666666666
0 0.731640625 0.2659722222222222 0.04765625 0.2152777777777778
0 0.7171910762786865 0.7130456712510851 0.09063215255737304 0.36775800916883683
0 0.8546875 0.2861111111111111 0.071875 0.20555555555555555
0 0.13828125 0.28055555555555556 0.0640625 0.2
0 0.19140625 0.25625 0.0484375 0.1986111111111111
0 0.236328125 0.20902777777777778 0.04453125 0.11527777777777778
0 0.109375 0.2652777777777778 0.05625 0.17222222222222222
0 0.2890625 0.19166666666666668 0.0484375 0.08888888888888889
0 0.26484375 0.32083333333333336 0.096875 0.19166666666666668
