0 0.36015625 0.6722222222222223 0.2890625 0.275
0 0.4671875 0.25069444444444444 0.0453125 0.2263888888888889
0 0.683984375 0.6041666666666666 0.26796875 0.30277777777777776
0 0.5328125 0.24305555555555555 0.0421875 0.21666666666666667
0 0.7866544723510742 0.27230502234564885 0.04987144470214844 0.21127671135796441
0 0.406640625 0.24722222222222223 0.04296875 0.2111111111111111
0 0.598046875 0.24791666666666667 0.04453125 0.2125
0 0.123828125 0.3263888888888889 0.07265625 0.20555555555555555
0 0.25 0.31805555555555554 0.1109375 0.16666666666666666
0 0.084375 0.28402777777777777 0.046875 0.16805555555555557
0 0.054296875 0.27152777777777776 0.03515625 0.12916666666666668
0 0.0234375 0.34375 0.0390625 0.10416666666666667
0 0.28359375 0.19652777777777777 0.0546875 0.09861111111111111
0 0.8359375 0.2986111111111111 0.065625 0.10277777777777777
