0 0.79140625 0.2743055555555556 0.0609375 0.22916666666666666
0 0.60546875 0.24375 0.0484375 0.1986111111111111
0 0.40234375 0.25555555555555554 0.0453125 0.225
0 0.536328125 0.24027777777777778 0.04453125 0.21388888888888888
0 0.6640625 0.2625 0.04375 0.225
0 0.709375 0.6833333333333333 0.0859375 0.35
0 0.22777738571166992 0.24545686509874132 0.05867977142333984 0.2686914867824978
0 0.17109375 0.3527777777777778 0.121875 0.19444444444444445
0 0.8791141510009766 0.6946880764431423 0.19260330200195314 0.2727094438340929
0 0.842578125 0.2590277777777778 0.05078125 0.16527777777777777
0 0.053125 0.28055555555555556 0.034375 0.16666666666666666
0 0.0859375 0.2763888888888889 0.0515625 0.17777777777777778
0 0.190234375 0.23333333333333334 0.05703125 0.14722222222222223
