0 0.64765625 0.28541666666666665 0.08125 0.24027777777777778
0 0.7171875 0.32013888888888886 0.090625 0.28194444444444444
0 0.530078125 0.23958333333333334 0.04453125 0.20416666666666666
0 0.063671875 0.2833333333333333 0.05546875 0.15
0 0.38671875 0.825 0.3296875 0.2916666666666667
0 0.876953125 0.3576388888888889 0.13671875 0.17916666666666667
0 0.80859375 0.2659722222222222 0.0765625 0.09305555555555556
0 0.286328125 0.2465277777777778 0.04296875 0.19027777777777777
0 0.024609375 0.35208333333333336 0.03671875 0.11805555555555555
0 0.17890625 0.47708333333333336 0.184375 0.15138888888888888
0 0.252734375 0.6479166666666667 0.06328125 0.11805555555555555
0 0.3 0.7631944444444444 0.1140625 0.39305555555555555
0 0.34375 0.5909722222222222 0.078125 0.2375
0 0.313671875 0.3854166666666667 0.07265625 0.23194444444444445
