0 0.546875 0.5916666666666667 0.23125 0.32222222222222224
0 0.36260762214660647 0.6808546278211806 0.2517777681350708 0.28670921325683596
0 0.667578125 0.25972222222222224 0.04453125 0.225
0 0.533984375 0.23680555555555555 0.04296875 0.2013888888888889
0 0.7951292991638184 0.2726306491427951 0.05900859832763672 0.21470574273003473
0 0.467578125 0.2513888888888889 0.05390625 0.23055555555555557
0 0.13278108835220337 0.2639003753662109 0.06556218266487121 0.2750229729546441
0 0.8521748542785644 0.27913347880045575 0.06216220855712891 0.188822513156467
0 0.728125 0.25972222222222224 0.0390625 0.19722222222222222
0 0.23353128433227538 0.26146113077799477 0.05300006866455078 0.2062555948893229
0 0.280751371383667 0.26611957550048826 0.052127742767333986 0.22112803988986546
0 0.0640625 0.2777777777777778 0.046875 0.16111111111111112
0 0.040234375 0.60625 0.07890625 0.1597222222222222
0 0.19296875 0.2534722222222222 0.0484375 0.1875
0 0.023828125 0.3451388888888889 0.03828125 0.10416666666666667
