0 0.6187270164489747 0.2918390909830729 0.0999540388584137 0.16145594914754233
0 0.40492782592773435 0.24525877634684246 0.044230672717094424 0.20718421936035156
0 0.8414163589477539 0.3293538411458333 0.156270170211792 0.21148546006944444
0 0.9668617248535156 0.5734690772162543 0.06497344970703126 0.2997159322102865
0 0.36171875 0.6611111111111111 0.271875 0.3194444444444444
0 0.28661646842956545 0.2640917460123698 0.0497954398393631 0.21985015869140626
0 0.048046875 0.32916666666666666 0.04453125 0.14444444444444443
0 0.02109375 0.5930555555555556 0.0421875 0.07777777777777778
0 0.29921875 0.7666666666666667 0.109375 0.38055555555555554
0 0.342578125 0.5590277777777778 0.07578125 0.1736111111111111
0 0.09609375 0.5881944444444445 0.0265625 0.059722222222222225
0 0.81875 0.26666666666666666 0.0828125 0.06388888888888888
0 0.253515625 0.6298611111111111 0.05390625 0.09861111111111111
