0 0.674609375 0.2590277777777778 0.05703125 0.2152777777777778
0 0.598828125 0.24375 0.04453125 0.2013888888888889
0 0.40830135345458984 0.2483049816555447 0.04472770690917969 0.21327662997775607
0 0.7328125 0.25833333333333336 0.040625 0.20833333333333334
0 0.8406515121459961 0.2812942928738064 0.05005302429199219 0.18758858574761283
0 0.465625 0.22013888888888888 0.0484375 0.25416666666666665
0 0.115234375 0.26875 0.05390625 0.1625
0 0.7984375 0.22569444444444445 0.0546875 0.3402777777777778
0 0.881640625 0.6784722222222223 0.19140625 0.30416666666666664
0 0.1921875 0.2881944444444444 0.08125 0.1597222222222222
0 0.28514235019683837 0.2105327394273546 0.046847200393676756 0.10717657936943902
0 0.04375 0.3333333333333333 0.084375 0.15833333333333333
0 0.0625 0.6625 0.1234375 0.2861111111111111
0 0.290234375 0.36527777777777776 0.13671875 0.225
