0 0.46875 0.24722222222222223 0.0484375 0.2111111111111111
0 0.78671875 0.34375 0.15 0.21805555555555556
0 0.866015625 0.2652777777777778 0.07734375 0.275
0 0.596484375 0.29444444444444445 0.07734375 0.18888888888888888
0 0.943110179901123 0.572428470187717 0.0627828598022461 0.26707914140489364
0 0.36043989658355713 0.7373308817545573 0.27556729316711426 0.3079950968424479
0 0.3697243928909302 0.5482112884521484 0.13319878578186034 0.27420035468207465
0 0.6608197212219238 0.3051514943440755 0.07320194244384766 0.17974743313259547
0 0.08234842419624329 0.5743659125434027 0.05688434839248657 0.30150960286458334
0 0.10999634265899658 0.30438469780815974 0.10436768531799316 0.16154716279771592
0 0.05975996851921082 0.2857692718505859 0.04451993703842163 0.13542743259006076
0 0.286328125 0.21805555555555556 0.05234375 0.125
0 0.112109375 0.22083333333333333 0.05546875 0.08333333333333333
0 0.201953125 0.39305555555555555 0.12578125 0.30277777777777776
0 0.31484375 0.3875 0.0734375 0.23055555555555557
