0 0.3228248357772827 0.6020076751708985 0.20033717155456543 0.2512375937567817
0 0.690234375 0.3638888888888889 0.13671875 0.33055555555555555
0 0.4673183441162109 0.24759245978461372 0.044011688232421874 0.20907380845811632
0 0.7943727493286132 0.2705967797173394 0.059057998657226565 0.21619355943467883
0 0.4420623779296875 0.6257662879096137 0.09818723797798157 0.32375479804144963
0 0.5328125 0.23819444444444443 0.0421875 0.20694444444444443
0 0.67578125 0.20972222222222223 0.0515625 0.11666666666666667
0 0.8523797035217285 0.2822826809353299 0.06413440704345703 0.2062320285373264
0 0.0645115852355957 0.26610020531548395 0.052460670471191406 0.13497819900512695
0 0.229054594039917 0.2577374988132053 0.06123418807983398 0.20991944207085503
0 0.0421875 0.5027777777777778 0.078125 0.24722222222222223
0 0.1453125 0.26666666666666666 0.0578125 0.2222222222222222
0 0.189453125 0.2638888888888889 0.04609375 0.18611111111111112
0 0.2800895214080811 0.2520660188462999 0.05236654281616211 0.19857648213704426
0 0.02421875 0.34444444444444444 0.040625 0.10277777777777777
