0 0.4637270927429199 0.5404521094428169 0.24151666164398194 0.33090424007839625
0 0.53203125 0.24305555555555555 0.0453125 0.21666666666666667
0 0.7868365287780762 0.2714576933119032 0.05179805755615234 0.2179153866238064
0 0.14843604564666749 0.26494471232096356 0.06562209129333496 0.2132227579752604
0 0.46953125 0.2513888888888889 0.0421875 0.225
0 0.408984375 0.24861111111111112 0.04296875 0.2111111111111111
0 0.5990312576293946 0.2568783442179362 0.044937515258789064 0.21097891065809463
0 0.27283129692077634 0.6786927964952257 0.10035009384155273 0.5407189687093099
0 0.08515625 0.27708333333333335 0.0546875 0.17083333333333334
0 0.0578125 0.2604166666666667 0.0390625 0.12361111111111112
0 0.024609375 0.3506944444444444 0.03515625 0.10416666666666667
0 0.283203125 0.19930555555555557 0.05546875 0.09027777777777778
0 0.257421875 0.31805555555555554 0.12421875 0.16666666666666666
0 0.293359375 0.4548611111111111 0.06015625 0.2263888888888889
0 0.82734375 0.2986111111111111 0.06875 0.09444444444444444
