0 0.60390625 0.3090277777777778 0.0734375 0.14305555555555555
0 0.9422855377197266 0.5736905415852864 0.06894607543945312 0.26960328420003254
0 0.40390625 0.2513888888888889 0.046875 0.21944444444444444
0 0.845799446105957 0.33924297756618926 0.14784889221191405 0.19515260060628256
0 0.05078125 0.32916666666666666 0.0453125 0.14166666666666666
0 0.023046875 0.5930555555555556 0.04296875 0.08055555555555556
0 0.28962206840515137 0.2596313052707248 0.05268163681030273 0.21648483276367186
0 0.095703125 0.5888888888888889 0.02734375 0.075
0 0.244921875 0.6993055555555555 0.06015625 0.22083333333333333
0 0.3015625 0.7625 0.1140625 0.3888888888888889
0 0.34375 0.5902777777777778 0.078125 0.23333333333333334
0 0.31484375 0.38819444444444445 0.0765625 0.22361111111111112
0 0.64453125 0.27847222222222223 0.0921875 0.22083333333333333
0 0.815234375 0.26180555555555557 0.07890625 0.05138888888888889
