0 0.08345734126984126 0.35201719576719576 0.024553571428571428 0.027447089947089946
0 0.0961061507936508 0.35466269841269843 0.03447420634920635 0.03141534391534392
0 0.1388888888888889 0.3817791005291005 0.03521825396825397 0.01951058201058201
0 0.18799603174603174 0.3558201058201058 0.040674603174603176 0.041005291005291
0 0.2569444444444444 0.34871031746031744 0.03125 0.0333994708994709
0 0.16356646825396826 0.40145502645502645 0.05828373015873016 0.06547619047619048
0 0.18266369047619047 0.43022486772486773 0.0845734126984127 0.09788359788359788
0 0.2513640873015873 0.3768187830687831 0.051835317460317464 0.022156084656084655
0 0.30592757936507936 0.36689814814814814 0.07217261904761904 0.0539021164021164
0 0.41455853174603174 0.36689814814814814 0.03447420634920635 0.022156084656084655
0 0.4211309523809524 0.34226190476190477 0.027281746031746032 0.023809523809523808
0 0.4046378968253968 0.34441137566137564 0.026041666666666668 0.02546296296296296
0 0.37041170634920634 0.35267857142857145 0.03794642857142857 0.035383597883597885
0 0.3551587301587302 0.3505291005291005 0.019345238095238096 0.03439153439153439
0 0.3881448412698413 0.36342592592592593 0.028769841269841268 0.04431216931216931
0 0.36086309523809523 0.4441137566137566 0.10714285714285714 0.11970899470899471
0 0.5394345238095238 0.3492063492063492 0.01488095238095238 0.012566137566137565
0 0.5509672619047619 0.335978835978836 0.022569444444444444 0.023809523809523808
0 0.5171130952380952 0.3541666666666667 0.04811507936507937 0.03835978835978836
0 0.5848214285714286 0.3525132275132275 0.010416666666666666 0.00992063492063492
0 0.5912698412698413 0.34953703703703703 0.012896825396825396 0.018518518518518517
0 0.5812251984126984 0.32853835978835977 0.016617063492063492 0.012896825396825396
0 0.5762648809523809 0.34540343915343913 0.04538690476190476 0.03406084656084656
0 0.6357886904761905 0.3458994708994709 0.018601190476190476 0.021164021164021163
0 0.6532738095238095 0.335978835978836 0.02132936507936508 0.0205026455026455
0 0.6336805555555556 0.33647486772486773 0.037698412698412696 0.02546296296296296
0 0.6867559523809523 0.3480489417989418 0.016865079365079364 0.018187830687830687
0 0.7151537698412699 0.32705026455026454 0.021577380952380952 0.01521164021164021
0 0.6959325396825397 0.33482142857142855 0.022321428571428572 0.02546296296296296
0 0.7313988095238095 0.3525132275132275 0.06498015873015874 0.05291005291005291
