0 0.7897461414337158 0.3395400153266059 0.14824228286743163 0.2457466761271159
0 0.1740257978439331 0.2955370797051324 0.13555160760879517 0.19385193718804253
0 0.67109375 0.2604166666666667 0.0484375 0.2152777777777778
0 0.384375 0.8138888888888889 0.3421875 0.2833333333333333
0 0.602734375 0.24583333333333332 0.04765625 0.20277777777777778
0 0.930859375 0.6180555555555556 0.09296875 0.24722222222222223
0 0.531640625 0.29097222222222224 0.09140625 0.17083333333333334
0 0.335546875 0.575 0.09296875 0.225
0 0.284375 0.3159722222222222 0.1421875 0.18194444444444444
0 0.081640625 0.28055555555555556 0.05703125 0.15833333333333333
0 0.027734375 0.33194444444444443 0.04453125 0.14444444444444443
0 0.28515625 0.47638888888888886 0.0671875 0.26666666666666666
0 0.81875 0.2902777777777778 0.084375 0.10833333333333334
