0 0.35583598613739015 0.6763687981499567 0.2726094722747803 0.29995981852213544
0 0.6671875 0.2569444444444444 0.046875 0.21944444444444444
0 0.769415807723999 0.40795873006184896 0.05289411544799805 0.3270285924275716
0 0.52890625 0.24166666666666667 0.0453125 0.20277777777777778
0 0.4046875 0.22291666666666668 0.05 0.28194444444444444
0 0.8621354103088379 0.2725006103515625 0.07270832061767578 0.295001220703125
0 0.60078125 0.24375 0.0484375 0.2013888888888889
0 0.7967253208160401 0.2691819720798069 0.05595064163208008 0.2161417219373915
0 0.14957834482192994 0.26649392445882164 0.06321918964385986 0.18021007113986545
0 0.081640625 0.27569444444444446 0.06328125 0.18472222222222223
0 0.030859375 0.32916666666666666 0.06015625 0.225
0 0.28515625 0.20625 0.05625 0.09583333333333334
0 0.267578125 0.35347222222222224 0.13984375 0.22083333333333333
0 0.290234375 0.46319444444444446 0.07734375 0.2652777777777778
0 0.03828125 0.6722222222222223 0.0734375 0.3
