0 0.5328125 0.24375 0.04375 0.2125
0 0.470703125 0.24375 0.04296875 0.2152777777777778
0 0.786527681350708 0.2731919182671441 0.05274286270141602 0.21582828097873263
0 0.406640625 0.2465277777777778 0.04453125 0.2125
0 0.6004707336425781 0.25229059855143227 0.04156646728515625 0.2018034193250868
0 0.25390625 0.3194444444444444 0.1109375 0.15833333333333333
0 0.3616802215576172 0.6869547526041667 0.27179794311523436 0.2766872406005859
0 0.14716746807098388 0.2693168852064345 0.06464743018150329 0.2053004370795356
0 0.087109375 0.2791666666666667 0.05546875 0.16666666666666666
0 0.28378915786743164 0.16481704711914064 0.05039081573486328 0.14630076090494792
0 0.062109375 0.26944444444444443 0.04921875 0.13333333333333333
0 0.024609375 0.34791666666666665 0.03984375 0.10694444444444444
0 0.287109375 0.4722222222222222 0.06796875 0.275
0 0.82578125 0.3034722222222222 0.06875 0.0875
0 0.287109375 0.7361111111111112 0.08515625 0.3611111111111111
