0 0.8366029739379883 0.2694711473253038 0.05445594787597656 0.17783118353949653
0 0.3763278007507324 0.7867972479926215 0.31671810150146484 0.2763722737630208
0 0.66953125 0.25277777777777777 0.05 0.20555555555555555
0 0.401171875 0.24930555555555556 0.04765625 0.2125
0 0.599609375 0.24861111111111112 0.04609375 0.21388888888888888
0 0.53203125 0.23819444444444443 0.046875 0.20972222222222223
0 0.726953125 0.2590277777777778 0.04140625 0.20416666666666666
0 0.233203125 0.24097222222222223 0.05546875 0.24583333333333332
0 0.8281532287597656 0.8336871676974826 0.28911890983581545 0.22292989095052082
0 0.105859375 0.5166666666666667 0.16484375 0.2638888888888889
0 0.2833660125732422 0.26155743069118925 0.04798202812671661 0.21200375027126736
0 0.1765625 0.2791666666666667 0.0578125 0.225
0 0.11591801643371583 0.26614672342936196 0.06152353286743164 0.17951566908094618
0 0.056640625 0.31875 0.04921875 0.13194444444444445
0 0.020703125 0.35138888888888886 0.02734375 0.09166666666666666
