0 0.7171785354614257 0.3169146219889323 0.08748207092285157 0.28660702175564234
0 0.8384927749633789 0.8302787780761719 0.28167309761047366 0.24944644504123265
0 0.77421875 0.6243055555555556 0.240625 0.22083333333333333
0 0.06442333459854126 0.2797242906358507 0.04915916919708252 0.15389302571614583
0 0.553125 0.34097222222222223 0.0921875 0.30416666666666664
0 0.520703125 0.2902777777777778 0.06484375 0.16944444444444445
0 0.217578125 0.2763888888888889 0.08515625 0.10277777777777777
0 0.812109375 0.2923611111111111 0.09609375 0.1125
0 0.025 0.3506944444444444 0.0359375 0.1125
0 0.3171875 0.3923611111111111 0.078125 0.22361111111111112
0 0.343359375 0.5881944444444445 0.07890625 0.23194444444444445
0 0.25 0.6979166666666666 0.0703125 0.21805555555555556
0 0.30078125 0.7541666666666667 0.109375 0.4027777777777778
