0 0.6762737274169922 0.25930699242485894 0.04942245483398437 0.20750287373860676
0 0.4671875 0.24583333333333332 0.0453125 0.20833333333333334
0 0.7859296798706055 0.31303473578559027 0.13592185974121093 0.251069450378418
0 0.60234375 0.24583333333333332 0.0421875 0.20277777777777778
0 0.40625 0.25416666666666665 0.04375 0.21944444444444444
0 0.8428243637084961 0.24255421956380208 0.04971123039722443 0.10177510579427083
0 0.733203125 0.2569444444444444 0.04140625 0.2
0 0.8802962303161621 0.6748132493760851 0.19027996063232422 0.29684872097439235
0 0.12816507816314698 0.3190622117784288 0.07508015036582946 0.16590219073825413
0 0.28365278244018555 0.2076118893093533 0.05011806488037109 0.10411266750759549
0 0.031497472524642946 0.3202387703789605 0.056744945049285886 0.20158865186903213
0 0.064359849691391 0.6907567342122396 0.09746969938278198 0.2898468017578125
0 0.26484375 0.30486111111111114 0.0453125 0.10972222222222222
0 0.26484375 0.4125 0.1171875 0.17777777777777778
