0 0.46640625 0.2465277777777778 0.046875 0.2152777777777778
0 0.207421875 0.37222222222222223 0.15078125 0.26666666666666666
0 0.9430070877075195 0.5894507514105902 0.05945167541503906 0.24001261393229167
0 0.624609375 0.3 0.11328125 0.16111111111111112
0 0.800390625 0.38055555555555554 0.17578125 0.2361111111111111
0 0.36640625 0.7444444444444445 0.28125 0.2972222222222222
0 0.08671875 0.5694444444444444 0.0703125 0.3
0 0.346875 0.5263888888888889 0.1484375 0.34444444444444444
0 0.116015625 0.25555555555555554 0.05859375 0.175
0 0.0615045964717865 0.2731442345513238 0.046446692943572995 0.17962180243598092
0 0.20234375 0.28194444444444444 0.109375 0.08055555555555556
0 0.2828125 0.19583333333333333 0.046875 0.08611111111111111
0 0.816015625 0.26319444444444445 0.06640625 0.04027777777777778
0 0.653515625 0.30625 0.07890625 0.17916666666666667
0 0.314453125 0.3861111111111111 0.08046875 0.2222222222222222
0 0.07265625 0.3576388888888889 0.0421875 0.14027777777777778
