0 0.9342060089111328 0.5262632581922743 0.11841201782226562 0.3691931830512153
0 0.60625 0.24722222222222223 0.053125 0.2111111111111111
0 0.536328125 0.2388888888888889 0.04296875 0.20277777777777778
0 0.6671875 0.25069444444444444 0.0484375 0.20972222222222223
0 0.473046875 0.24930555555555556 0.03984375 0.2152777777777778
0 0.7897594928741455 0.2763545566134983 0.04826898574829101 0.22493131425645616
0 0.733203125 0.2590277777777778 0.04453125 0.20416666666666666
0 0.240625 0.33194444444444443 0.125 0.18055555555555555
0 0.084375 0.5027777777777778 0.071875 0.24166666666666667
0 0.8521236419677735 0.2726762135823568 0.06205978989601135 0.19535242716471354
0 0.14464454650878905 0.2665290196736654 0.05491408705711365 0.1858358171251085
0 0.061328125 0.26458333333333334 0.04921875 0.15138888888888888
0 0.19296875 0.225 0.05625 0.13055555555555556
