0 0.585546875 0.40625 0.09921875 0.3013888888888889
0 0.8422847747802734 0.33090332878960504 0.15956953763961793 0.21180665757921008
0 0.4066451072692871 0.24474864535861546 0.039852690696716306 0.20894173516167536
0 0.9715965270996094 0.6225592719184028 0.05569305419921875 0.32011854383680555
0 0.052734375 0.32916666666666666 0.04921875 0.14444444444444443
0 0.33828125 0.5819444444444445 0.0890625 0.21944444444444444
0 0.2893338203430176 0.26435182359483506 0.053667640686035155 0.21759253607855902
0 0.6320167541503906 0.27033746507432727 0.07184600234031677 0.12123048570421006
0 0.022265625 0.5923611111111111 0.04453125 0.08194444444444444
0 0.09609375 0.5888888888888889 0.028125 0.06388888888888888
0 0.3140625 0.38263888888888886 0.0796875 0.23194444444444445
0 0.24609375 0.6993055555555555 0.059375 0.22083333333333333
0 0.300390625 0.7590277777777777 0.11484375 0.3958333333333333
0 0.815625 0.26180555555555557 0.0796875 0.05416666666666667
