0 0.004748774509803921 0.3110702614379085 0.008884803921568627 0.016748366013071895
0 0.15517769607843138 0.29983660130718953 0.01991421568627451 0.027777777777777776
0 0.13694852941176472 0.3055555555555556 0.04534313725490196 0.035130718954248366
0 0.18550857843137256 0.29983660130718953 0.03462009803921569 0.028594771241830064
0 0.11764705882352941 0.34395424836601307 0.0821078431372549 0.06862745098039216
0 0.21354166666666666 0.3110702614379085 0.03125 0.044526143790849675
0 0.19883578431372548 0.3474264705882353 0.09987745098039216 0.0755718954248366
0 0.31893382352941174 0.2973856209150327 0.0508578431372549 0.035130718954248366
0 0.28324142156862747 0.306781045751634 0.05238970588235294 0.042483660130718956
0 0.31786151960784315 0.32598039215686275 0.03768382352941176 0.05473856209150327
0 0.555453431372549 0.45241013071895425 0.20098039215686275 0.17687908496732027
0 0.6397058823529411 0.31270424836601307 0.05943627450980392 0.056781045751633986
0 0.7363664215686274 0.289624183006536 0.018075980392156864 0.042483660130718956
0 0.703125 0.3247549019607843 0.03860294117647059 0.08169934640522876
0 0.8314950980392157 0.30575980392156865 0.08639705882352941 0.06576797385620915
0 0.7005208333333334 0.49019607843137253 0.1479779411764706 0.22140522875816993
