0 0.465625 0.2513888888888889 0.046875 0.21666666666666667
0 0.7946422100067139 0.28018099466959634 0.05647192001342773 0.2242508782280816
0 0.23455147743225097 0.2576672871907552 0.05660295486450195 0.2042234632703993
0 0.939453125 0.5722222222222222 0.06953125 0.2777777777777778
0 0.6008281230926513 0.29909157223171656 0.07509374022483825 0.1815164777967665
0 0.7309206008911133 0.26061965094672307 0.039966198801994327 0.19901707967122395
0 0.32143805027008054 0.5760341220431857 0.19912610054016114 0.2687349107530382
0 0.11404796838760375 0.2708777109781901 0.05153343677520752 0.18342208862304688
0 0.071875 0.2875 0.0390625 0.14722222222222223
0 0.35070679187774656 0.7494710286458334 0.27016358375549315 0.29338648054334854
0 0.6595568656921387 0.3025103886922201 0.07067623138427734 0.19668744405110677
0 0.14816682338714598 0.27097865210639105 0.05883365273475647 0.19751285976833768
0 0.2891267776489258 0.26406309339735246 0.05637855529785156 0.21423729790581597
0 0.056640625 0.2763888888888889 0.03984375 0.16111111111111112
