0 0.3848960638046265 0.4117574903700087 0.09479212760925293 0.3596260918511285
0 0.465234375 0.45416666666666666 0.11640625 0.2861111111111111
0 0.92578125 0.5798611111111112 0.1 0.2625
0 0.78828125 0.27291666666666664 0.0546875 0.2152777777777778
0 0.232421875 0.2590277777777778 0.06171875 0.20416666666666666
0 0.590625 0.30277777777777776 0.0734375 0.2
0 0.04609375 0.3277777777777778 0.0484375 0.15
0 0.5934175491333008 0.8189085218641493 0.29308509826660156 0.3267059538099501
0 0.18828125 0.26666666666666666 0.0515625 0.19444444444444445
0 0.1375 0.28055555555555556 0.0609375 0.175
0 0.661328125 0.3125 0.07890625 0.19444444444444445
0 0.108203125 0.2652777777777778 0.04296875 0.16666666666666666
0 0.713671875 0.34305555555555556 0.08203125 0.14444444444444443
0 0.082421875 0.675 0.06640625 0.1388888888888889
