0 0.93984375 0.5722222222222222 0.075 0.2722222222222222
0 0.40549478530883787 0.25235780080159503 0.04223959743976593 0.218604490492079
0 0.620703125 0.29444444444444445 0.10234375 0.16944444444444445
0 0.846484375 0.35138888888888886 0.14921875 0.175
0 0.34296875 0.5902777777777778 0.078125 0.23333333333333334
0 0.025 0.5944444444444444 0.046875 0.08333333333333333
0 0.301171875 0.7520833333333333 0.11328125 0.3958333333333333
0 0.248828125 0.6951388888888889 0.06015625 0.2152777777777778
0 0.090234375 0.6020833333333333 0.03671875 0.10972222222222222
0 0.04921875 0.3263888888888889 0.046875 0.15555555555555556
0 0.318359375 0.3888888888888889 0.07265625 0.225
0 0.654296875 0.3034722222222222 0.07890625 0.1875
0 0.81796875 0.2652777777777778 0.075 0.05277777777777778
