0 0.004901960784313725 0.4027777777777778 0.00980392156862745 0.016339869281045753
0 0.051011029411764705 0.3866421568627451 0.01133578431372549 0.023284313725490197
0 0.07291666666666667 0.38500816993464054 0.0196078431372549 0.024918300653594773
0 0.10447303921568628 0.397875816993464 0.03982843137254902 0.028594771241830064
0 0.1484375 0.3901143790849673 0.0352328431372549 0.02696078431372549
0 0.16115196078431374 0.38174019607843135 0.015931372549019607 0.01838235294117647
0 0.18581495098039216 0.3700980392156863 0.018688725490196078 0.006535947712418301
0 0.18213848039215685 0.38357843137254904 0.0272671568627451 0.02287581699346405
0 0.1959252450980392 0.380718954248366 0.03155637254901961 0.02042483660130719
0 0.2104779411764706 0.38112745098039214 0.02267156862745098 0.022058823529411766
0 0.2415747549019608 0.3917483660130719 0.022365196078431373 0.027777777777777776
0 0.2994791666666667 0.3860294117647059 0.014399509803921568 0.021241830065359478
0 0.2962622549019608 0.37193627450980393 0.006127450980392157 0.0053104575163398695
0 0.26838235294117646 0.37969771241830064 0.0196078431372549 0.012663398692810458
0 0.2668504901960784 0.39195261437908496 0.022058823529411766 0.024918300653594773
0 0.28079044117647056 0.3997140522875817 0.027879901960784315 0.03145424836601307
0 0.33670343137254904 0.4074754901960784 0.041666666666666664 0.03880718954248366
0 0.34957107843137253 0.42544934640522875 0.061887254901960786 0.0494281045751634
0 0.3818933823529412 0.380718954248366 0.0272671568627451 0.02287581699346405
0 0.4103860294117647 0.38255718954248363 0.01991421568627451 0.023284313725490197
0 0.4947916666666667 0.3723447712418301 0.015318627450980392 0.00857843137254902
0 0.4788602941176471 0.3772467320261438 0.01715686274509804 0.01919934640522876
0 0.49862132352941174 0.3831699346405229 0.013786764705882353 0.02042483660130719
0 0.4918811274509804 0.3929738562091503 0.011948529411764705 0.02287581699346405
0 0.5628063725490197 0.383374183006536 0.03125 0.024918300653594773
0 0.6001838235294118 0.38112745098039214 0.024509803921568627 0.022058823529411766
0 0.6576286764705882 0.3917483660130719 0.03462009803921569 0.029411764705882353
0 0.7140012254901961 0.38929738562091504 0.03400735294117647 0.029411764705882353
0 0.6930147058823529 0.4229983660130719 0.0508578431372549 0.05024509803921569
0 0.6741727941176471 0.4325980392156863 0.0628063725490196 0.058823529411764705
0 0.7486213235294118 0.4395424836601307 0.0860906862745098 0.0727124183006536
0 0.764859068627451 0.3917483660130719 0.026041666666666668 0.03431372549019608
0 0.8714767156862745 0.4264705882352941 0.07628676470588236 0.05392156862745098
0 0.8377757352941176 0.40032679738562094 0.035845588235294115 0.0392156862745098
0 0.8730085784313726 0.37336601307189543 0.0009191176470588235 0.0008169934640522876
0 0.8403799019607843 0.39215686274509803 0.05575980392156863 0.03594771241830065
0 0.6511948529411765 0.7093545751633987 0.3164828431372549 0.2847222222222222
0 0.9568014705882353 0.6162173202614379 0.0821078431372549 0.20955882352941177
