0 0.60390625 0.2465277777777778 0.0484375 0.20972222222222223
0 0.66796875 0.25416666666666665 0.0453125 0.2111111111111111
0 0.5328125 0.24166666666666667 0.0421875 0.20833333333333334
0 0.7931620121002197 0.2766247219509549 0.05976151823997498 0.22269388834635417
0 0.403125 0.2534722222222222 0.0453125 0.2263888888888889
0 0.471875 0.24791666666666667 0.0390625 0.2125
0 0.8445387840270996 0.2674326366848416 0.046890071034431456 0.17097638448079427
0 0.887109375 0.6986111111111111 0.20859375 0.28888888888888886
0 0.1832699418067932 0.26529691484239365 0.03841488361358643 0.17781605190700955
0 0.1407785177230835 0.2620496114095052 0.05499453544616699 0.21021033393012153
0 0.23688554763793945 0.2203539530436198 0.050333595275878905 0.12959679497612847
0 0.017578125 0.425 0.03359375 0.18333333333333332
0 0.084375 0.28125 0.059375 0.16805555555555557
0 0.2359375 0.3680555555555556 0.0671875 0.20833333333333334
0 0.30390625 0.36180555555555555 0.08125 0.20694444444444443
