0 0.015318627450980392 0.4105392156862745 0.028799019607843136 0.059640522875817
0 0.14644607843137256 0.36090686274509803 0.026348039215686275 0.016748366013071895
0 0.08731617647058823 0.3686683006535948 0.032475490196078434 0.01838235294117647
0 0.08072916666666667 0.38235294117647056 0.048100490196078434 0.02042483660130719
0 0.03829656862745098 0.4164624183006536 0.061887254901960786 0.05759803921568627
0 0.12607230392156862 0.3668300653594771 0.050551470588235295 0.02042483660130719
0 0.1254595588235294 0.37806372549019607 0.035845588235294115 0.017565359477124183
0 0.16590073529411764 0.36907679738562094 0.05116421568627451 0.037173202614379085
0 0.20557598039215685 0.35641339869281047 0.028186274509803922 0.01184640522875817
0 0.1878063725490196 0.3815359477124183 0.04105392156862745 0.03594771241830065
0 0.2267156862745098 0.380718954248366 0.03860294117647059 0.04003267973856209
0 0.22380514705882354 0.4011437908496732 0.0272671568627451 0.02696078431372549
0 0.15916053921568626 0.38848039215686275 0.047487745098039214 0.013888888888888888
0 0.11427696078431372 0.3946078431372549 0.04534313725490196 0.0196078431372549
0 0.06479779411764706 0.429125816993464 0.07322303921568628 0.0755718954248366
0 0.0862438725490196 0.41237745098039214 0.03155637254901961 0.030637254901960783
0 0.11182598039215687 0.44342320261437906 0.10723039215686274 0.0951797385620915
0 0.20220588235294118 0.42810457516339867 0.07107843137254902 0.059640522875817
0 0.1799938725490196 0.47467320261437906 0.11979166666666667 0.12091503267973856
0 0.28125 0.4991830065359477 0.1721813725490196 0.12173202614379085
0 0.30162377450980393 0.3737745098039216 0.0272671568627451 0.03349673202614379
0 0.27359068627450983 0.3852124183006536 0.05698529411764706 0.04656862745098039
0 0.27818627450980393 0.4097222222222222 0.0704656862745098 0.058823529411764705
0 0.34068627450980393 0.4082924836601307 0.07536764705882353 0.03227124183006536
0 0.2956495098039216 0.43995098039215685 0.06924019607843138 0.035130718954248366
0 0.35003063725490197 0.43280228758169936 0.046262254901960786 0.03799019607843137
0 0.38112745098039214 0.47058823529411764 0.08272058823529412 0.10947712418300654
0 0.3707107843137255 0.3741830065359477 0.03553921568627451 0.04003267973856209
0 0.3949142156862745 0.38357843137254904 0.06311274509803921 0.04738562091503268
0 0.4496017156862745 0.35804738562091504 0.048100490196078434 0.037173202614379085
0 0.4410232843137255 0.4103349673202614 0.02542892156862745 0.06413398692810457
0 0.4957107843137255 0.35294117647058826 0.026348039215686275 0.03431372549019608
0 0.5435049019607843 0.34354575163398693 0.028186274509803922 0.02696078431372549
0 0.5346200980392157 0.35518790849673204 0.03125 0.0363562091503268
0 0.5026041666666666 0.37520424836601307 0.05238970588235294 0.0494281045751634
0 0.5761335784313726 0.3560049019607843 0.02542892156862745 0.03799019607843137
0 0.6188725490196079 0.3486519607843137 0.0392156862745098 0.0363562091503268
0 0.4892769607843137 0.49550653594771243 0.0900735294117647 0.1388888888888889
0 0.5392156862745098 0.4650735294117647 0.15808823529411764 0.10253267973856209
0 0.7524509803921569 0.34701797385620914 0.03615196078431373 0.024101307189542485
0 0.742953431372549 0.37540849673202614 0.05821078431372549 0.04738562091503268
0 0.7450980392156863 0.38766339869281047 0.051470588235294115 0.05473856209150327
0 0.7890625 0.3574346405228758 0.018075980392156864 0.016339869281045753
0 0.7705269607843137 0.3944035947712418 0.08517156862745098 0.0690359477124183
0 0.8687193627450981 0.3854166666666667 0.06219362745098039 0.056781045751633986
0 0.7213541666666666 0.431781045751634 0.06096813725490196 0.0392156862745098
0 0.6691176470588235 0.5010212418300654 0.16727941176470587 0.12540849673202614
0 0.7251838235294118 0.5322712418300654 0.22916666666666666 0.1527777777777778
0 0.9045649509803921 0.4536356209150327 0.13449754901960784 0.0959967320261438
0 0.9675245098039216 0.43647875816993464 0.034926470588235295 0.08374183006535947
0 0.9549632352941176 0.5821078431372549 0.08639705882352941 0.17973856209150327
0 0.9875919117647058 0.40522875816993464 0.021139705882352942 0.07761437908496732
