0 0.666796875 0.25833333333333336 0.04921875 0.21388888888888888
0 0.537109375 0.23958333333333334 0.04453125 0.20694444444444443
0 0.6046875 0.24930555555555556 0.05 0.2152777777777778
0 0.8914356231689453 0.6328773074679904 0.21099629402160644 0.23797683715820311
0 0.73359375 0.25833333333333336 0.0453125 0.20277777777777778
0 0.7900622367858887 0.27731463114420574 0.04731197357177734 0.2240737067328559
0 0.467578125 0.24791666666666667 0.04609375 0.21805555555555556
0 0.8594915390014648 0.28307645585801866 0.0767955720424652 0.20781957838270398
0 0.14375 0.275 0.05625 0.16944444444444445
0 0.11015625 0.26875 0.065625 0.18194444444444444
0 0.026171875 0.4618055555555556 0.05078125 0.20972222222222223
0 0.195703125 0.2659722222222222 0.05703125 0.18194444444444444
0 0.071875 0.2875 0.034375 0.14722222222222223
0 0.275390625 0.4951388888888889 0.08671875 0.3347222222222222
