0 0.897797966003418 0.7018754747178819 0.20028338432312012 0.3565286848280165
0 0.60546875 0.24513888888888888 0.0484375 0.2013888888888889
0 0.672265625 0.2604166666666667 0.05078125 0.22083333333333333
0 0.842578125 0.26721331278483074 0.04921875 0.16220439275105794
0 0.471875 0.2465277777777778 0.0390625 0.2152777777777778
0 0.533984375 0.24305555555555555 0.04140625 0.2111111111111111
0 0.23543474674224854 0.2524212095472548 0.05055699348449707 0.19373130798339844
0 0.40276393890380857 0.3497605217827691 0.09459035396575928 0.28285435570610895
0 0.728125 0.2652777777777778 0.040625 0.20833333333333334
0 0.14453125 0.275 0.05 0.18333333333333332
0 0.18803781270980835 0.26363258361816405 0.0401381254196167 0.1800429450141059
0 0.2855508804321289 0.2660319010416667 0.050789260864257814 0.22095269097222223
0 0.0809810996055603 0.2803460227118598 0.05883719921112061 0.17458093431260852
0 0.04765625 0.2833333333333333 0.0390625 0.16111111111111112
0 0.2046875 0.4395833333333333 0.0484375 0.09583333333333334
