0 0.8690025329589843 0.6809743245442709 0.21613011360168458 0.26194869147406685
0 0.6051534652709961 0.24588998158772787 0.04468193054199219 0.1973355187310113
0 0.5365488052368164 0.24152208964029948 0.04028511047363281 0.19693306816948786
0 0.7958982944488525 0.28183068169487846 0.05585908889770508 0.22199469672309027
0 0.47118892669677737 0.24426807827419705 0.05019035339355469 0.19964726765950522
0 0.8544740676879883 0.2829878065321181 0.06832312941551208 0.204864501953125
0 0.7169520378112793 0.713062032063802 0.08859156966209411 0.3677906884087457
0 0.7310429573059082 0.26267318725585936 0.03864841461181641 0.20034637451171874
0 0.181640625 0.27361111111111114 0.06484375 0.2111111111111111
0 0.1078125 0.27291666666666664 0.053125 0.16805555555555557
0 0.137890625 0.26944444444444443 0.05859375 0.21666666666666667
0 0.20625 0.29444444444444445 0.065625 0.18055555555555555
0 0.07890625 0.2722222222222222 0.04375 0.16944444444444445
