0 0.7952588081359864 0.2726551055908203 0.06083011031150818 0.2119768778483073
0 0.466015625 0.2111111111111111 0.05390625 0.28055555555555556
0 0.537890625 0.24513888888888888 0.04140625 0.2263888888888889
0 0.667578125 0.2534722222222222 0.04296875 0.20694444444444443
0 0.60546875 0.2513888888888889 0.05 0.21388888888888888
0 0.38870868682861326 0.736336432562934 0.33366737365722654 0.2810061984592014
0 0.7269352436065674 0.25997971428765193 0.03668298721313477 0.19495942857530382
0 0.23293280601501465 0.2604729970296224 0.0533656120300293 0.20705710517035592
0 0.8532061576843262 0.275571780734592 0.06266231536865234 0.19836578369140626
0 0.28415679931640625 0.2654623031616211 0.0573760986328125 0.2198134952121311
0 0.186328125 0.26458333333333334 0.04140625 0.1763888888888889
0 0.1419018268585205 0.2643993377685547 0.06192865967750549 0.18157647450764974
0 0.061328125 0.2652777777777778 0.04453125 0.14166666666666666
0 0.10859375 0.25763888888888886 0.040625 0.14583333333333334
0 0.025 0.34791666666666665 0.0390625 0.11527777777777778
