0 0.4578125 0.30277777777777776 0.084375 0.2638888888888889
0 0.9343215942382812 0.5713559892442491 0.0795806884765625 0.26771197848849826
0 0.594140625 0.8326388888888889 0.28671875 0.30416666666666664
0 0.627734375 0.34791666666666665 0.19765625 0.2875
0 0.7241534233093262 0.2643992106119792 0.042056846618652347 0.19824286566840277
0 0.6078125 0.24097222222222223 0.046875 0.06805555555555555
0 0.460546875 0.5868055555555556 0.24765625 0.24305555555555555
0 0.23260655403137206 0.26564110649956596 0.05271310806274414 0.22017110188802083
0 0.2814164638519287 0.2188128153483073 0.05033292770385742 0.12929229736328124
0 0.10370101928710937 0.27364008161756725 0.05740203857421875 0.19728016323513456
0 0.1828125 0.2638888888888889 0.0375 0.18611111111111112
0 0.14184720516204835 0.27016580369737414 0.05713191032409668 0.20144271850585938
0 0.04609375 0.3326388888888889 0.046875 0.15138888888888888
0 0.669921875 0.28680555555555554 0.04921875 0.1625
0 0.263671875 0.44375 0.11015625 0.24861111111111112
