0 0.605859375 0.24930555555555556 0.05078125 0.2125
0 0.668359375 0.25763888888888886 0.04609375 0.2152777777777778
0 0.523828125 0.24097222222222223 0.05390625 0.20972222222222223
0 0.403515625 0.25 0.04453125 0.2361111111111111
0 0.22595224380493165 0.30843014187282985 0.15659199953079223 0.27797139485677086
0 0.794921875 0.23819444444444443 0.06015625 0.3013888888888889
0 0.9157586097717285 0.46155378553602433 0.07682971954345703 0.29255199432373047
0 0.733203125 0.26319444444444445 0.04296875 0.2125
0 0.7105123996734619 0.6829238043891059 0.08039979934692383 0.3269587410820855
0 0.2354588508605957 0.2171192169189453 0.05060520172119141 0.11757177776760525
0 0.05234375 0.40208333333333335 0.078125 0.20972222222222223
0 0.026953125 0.21388888888888888 0.02890625 0.2
0 0.091796875 0.2708333333333333 0.05078125 0.16111111111111112
0 0.056640625 0.25277777777777777 0.03515625 0.1111111111111111
