0 0.7922018051147461 0.27370323605007596 0.060966110229492186 0.2112953609890408
0 0.531640625 0.24375 0.04140625 0.2125
0 0.4703125 0.24722222222222223 0.040625 0.21388888888888888
0 0.405078125 0.25 0.04453125 0.20833333333333334
0 0.548046875 0.8333333333333334 0.29453125 0.30833333333333335
0 0.598046875 0.24861111111111112 0.04140625 0.19722222222222222
0 0.076171875 0.27569444444444446 0.07421875 0.16527777777777777
0 0.245703125 0.33541666666666664 0.10703125 0.1763888888888889
0 0.233984375 0.23472222222222222 0.12734375 0.08611111111111111
0 0.026171875 0.35138888888888886 0.03671875 0.10833333333333334
0 0.293359375 0.4736111111111111 0.07578125 0.28055555555555556
0 0.300390625 0.7409722222222223 0.10703125 0.3763888888888889
0 0.830078125 0.3013888888888889 0.05390625 0.08888888888888889
