0 0.40546875 0.25277777777777777 0.04375 0.21944444444444444
0 0.942578125 0.5743055555555555 0.06953125 0.2708333333333333
0 0.844921875 0.35138888888888886 0.15078125 0.17222222222222222
0 0.616796875 0.2777777777777778 0.10859375 0.19444444444444445
0 0.04921875 0.3263888888888889 0.0453125 0.15555555555555556
0 0.66484375 0.3104166666666667 0.0984375 0.17083333333333334
0 0.289280366897583 0.26130309634738497 0.05043573379516601 0.21982841491699218
0 0.818359375 0.26666666666666666 0.08359375 0.05555555555555555
0 0.34453125 0.5895833333333333 0.0796875 0.23472222222222222
0 0.315234375 0.3861111111111111 0.07890625 0.23333333333333334
0 0.300390625 0.7576388888888889 0.11328125 0.3902777777777778
0 0.022265625 0.59375 0.04296875 0.07916666666666666
0 0.24453125 0.6979166666666666 0.0734375 0.22083333333333333
