0 0.6070057392120362 0.2515382766723633 0.04838647842407227 0.2114098866780599
0 0.4679865837097168 0.2473483615451389 0.04378566741943359 0.2058078342013889
0 0.5108747482299805 0.3584818945990668 0.10143699645996093 0.3419637891981337
0 0.7945776462554932 0.2732204649183485 0.05946779251098633 0.21310759650336372
0 0.7275515079498291 0.2636752870347765 0.036353015899658205 0.20512835184733072
0 0.6646887779235839 0.2613832261827257 0.03875255584716797 0.21443311903211806
0 0.9282369613647461 0.6959438747829861 0.1424114227294922 0.16133223639594185
0 0.8456214904785156 0.2785004085964627 0.05061798095703125 0.19311192830403645
0 0.2339305877685547 0.25884755452473956 0.053798675537109375 0.20658399793836807
0 0.14266600608825683 0.2653926001654731 0.06033201217651367 0.18356297810872396
0 0.1891476631164551 0.2595691257052951 0.036107829213142394 0.17191602918836807
0 0.10859375 0.2611111111111111 0.046875 0.16666666666666666
0 0.059765625 0.2590277777777778 0.04453125 0.13472222222222222
0 0.025390625 0.34652777777777777 0.03984375 0.10694444444444444
0 0.27890625 0.23055555555555557 0.05 0.1527777777777778
