0 0.619140625 0.2902777777777778 0.10390625 0.16666666666666666
0 0.496484375 0.2548611111111111 0.13828125 0.30694444444444446
0 0.8381966590881348 0.3417058732774523 0.15139331817626953 0.18896730211046006
0 0.8805378913879395 0.7090658399793837 0.1907632827758789 0.33202056884765624
0 0.3826884746551514 0.8107190450032552 0.3294394493103027 0.301993645562066
0 0.05078125 0.3263888888888889 0.053125 0.15
0 0.2886206150054932 0.26312058766682944 0.05224123001098633 0.2179078420003255
0 0.020703125 0.5902777777777778 0.03984375 0.075
0 0.091796875 0.5770833333333333 0.03671875 0.09027777777777778
0 0.316796875 0.3819444444444444 0.07578125 0.2361111111111111
0 0.34453125 0.5770833333333333 0.0796875 0.20972222222222223
0 0.30078125 0.7534722222222222 0.1125 0.4097222222222222
0 0.8109375 0.2652777777777778 0.0859375 0.04722222222222222
0 0.241015625 0.7 0.06640625 0.2222222222222222
0 0.0203125 0.34652777777777777 0.0328125 0.10694444444444444
