0 0.4328125 0.3909722222222222 0.153125 0.3236111111111111
0 0.9271923065185547 0.5795199076334635 0.09500961303710938 0.26181759304470487
0 0.7932649612426758 0.2725372738308377 0.052154922485351564 0.211741214328342
0 0.403125 0.23055555555555557 0.0484375 0.16944444444444445
0 0.591796875 0.3034722222222222 0.07578125 0.20416666666666666
0 0.133984375 0.29375 0.04609375 0.18472222222222223
0 0.466796875 0.21944444444444444 0.04765625 0.1527777777777778
0 0.700350570678711 0.3128472434149848 0.06163864135742188 0.20069448682996963
0 0.186328125 0.24027777777777778 0.06328125 0.14444444444444443
0 0.208203125 0.38333333333333336 0.13046875 0.24722222222222223
0 0.021484375 0.37430555555555556 0.04296875 0.1625
0 0.050390625 0.3416666666666667 0.03671875 0.16944444444444445
0 0.660546875 0.3125 0.07578125 0.18333333333333332
