0 0.008680555555555556 0.5574363425925926 0.016493055555555556 0.035590277777777776
0 0.10503472222222222 0.5515046296296297 0.022569444444444444 0.03009259259259259
0 0.09765625 0.5601851851851852 0.03428819444444445 0.030671296296296297
0 0.1635199652777778 0.5462962962962963 0.021050347222222224 0.030671296296296297
0 0.1615668402777778 0.5295138888888888 0.024088541666666668 0.012152777777777778
0 0.13682725694444445 0.5451388888888888 0.04578993055555555 0.03935185185185185
0 0.2065972222222222 0.5451388888888888 0.048177083333333336 0.027777777777777776
0 0.2894965277777778 0.5335648148148148 0.030815972222222224 0.02662037037037037
0 0.3340928819444444 0.5597511574074074 0.022352430555555556 0.03269675925925926
0 0.2657335069444444 0.6038773148148148 0.06141493055555555 0.061921296296296294
0 0.1650390625 0.6041666666666666 0.10004340277777778 0.05497685185185185
0 0.1174045138888889 0.7064525462962963 0.08203125 0.12702546296296297
0 0.11165364583333333 0.6673900462962963 0.039713541666666664 0.08130787037037036
0 0.3962673611111111 0.6118344907407407 0.10633680555555555 0.06394675925925926
0 0.5133463541666666 0.5497685185185185 0.024956597222222224 0.02662037037037037
0 0.4996744791666667 0.5594618055555556 0.03146701388888889 0.03211805555555555
0 0.4709201388888889 0.5611979166666666 0.048177083333333336 0.033275462962962965
0 0.5223524305555556 0.5244502314814815 0.0390625 0.021701388888888888
0 0.6083984375 0.5258969907407407 0.033637152777777776 0.02228009259259259
0 0.5874565972222222 0.5515046296296297 0.040364583333333336 0.02662037037037037
0 0.5579427083333334 0.5619212962962963 0.047309027777777776 0.04050925925925926
0 0.5702039930555556 0.5778356481481481 0.024088541666666668 0.04513888888888889
0 0.6439887152777778 0.5694444444444444 0.026692708333333332 0.04224537037037037
0 0.673828125 0.5247395833333334 0.014756944444444444 0.01765046296296296
0 0.65234375 0.5285011574074074 0.037760416666666664 0.02228009259259259
0 0.6674262152777778 0.5436921296296297 0.029296875 0.02662037037037037
0 0.7286241319444444 0.5230034722222222 0.010633680555555556 0.02228009259259259
0 0.7222222222222222 0.5169270833333334 0.029513888888888888 0.018229166666666668
0 0.6959635416666666 0.5201099537037037 0.028211805555555556 0.020543981481481483
0 0.7909071180555556 0.5355902777777778 0.018446180555555556 0.011574074074074073
0 0.7801649305555556 0.5460069444444444 0.050347222222222224 0.03009259259259259
0 0.7873263888888888 0.5671296296296297 0.016493055555555556 0.04050925925925926
0 0.8012152777777778 0.5733506944444444 0.016493055555555556 0.021122685185185185
0 0.7619357638888888 0.5772569444444444 0.037760416666666664 0.04513888888888889
0 0.7666015625 0.6260127314814815 0.09874131944444445 0.06626157407407407
0 0.7470703125 0.6779513888888888 0.1369357638888889 0.09143518518518519
0 0.7073567708333334 0.6885127314814815 0.19422743055555555 0.09866898148148148
0 0.6923828125 0.7186053240740741 0.21375868055555555 0.12760416666666666
0 0.5423177083333334 0.7748842592592593 0.26953125 0.16724537037037038
0 0.5424262152777778 0.6896701388888888 0.07921006944444445 0.03674768518518518
