0 0.30517258644104006 0.5553565131293403 0.12909518480300902 0.31349080403645835
0 0.4666767120361328 0.2453629387749566 0.044290924072265626 0.20461476643880208
0 0.53046875 0.24097222222222223 0.0453125 0.20972222222222223
0 0.79375 0.27291666666666664 0.0609375 0.22916666666666666
0 0.404296875 0.25416666666666665 0.04296875 0.21944444444444444
0 0.13671875 0.26875 0.0984375 0.18194444444444444
0 0.686328125 0.3076388888888889 0.12265625 0.30416666666666664
0 0.17421875 0.3819444444444444 0.16875 0.18611111111111112
0 0.66875 0.2604166666666667 0.04375 0.2125
0 0.8448650360107421 0.27937982347276474 0.049105069041252135 0.20042631361219618
0 0.023046875 0.4263888888888889 0.04453125 0.16111111111111112
0 0.070703125 0.3055555555555556 0.10546875 0.19444444444444445
0 0.28515625 0.20694444444444443 0.046875 0.125
0 0.059765625 0.6875 0.11796875 0.36944444444444446
0 0.3125 0.3486111111111111 0.06875 0.225
