0 0.4114631175994873 0.4746674007839627 0.2010512351989746 0.316001468234592
0 0.63046875 0.4 0.1015625 0.25555555555555554
0 0.93984375 0.5625 0.06875 0.2972222222222222
0 0.4077889919281006 0.22189320458306205 0.04214048385620117 0.28823085361056855
0 0.20546875 0.32083333333333336 0.0921875 0.175
0 0.81796875 0.29375 0.0828125 0.11805555555555555
0 0.6237150192260742 0.6317909664577908 0.22243003845214843 0.3663597106933594
0 0.11596064567565918 0.26257538265652125 0.055358785390853885 0.17792854309082032
0 0.06015625 0.6291666666666667 0.096875 0.25
0 0.037803709506988525 0.3137444814046224 0.06935741901397705 0.20526674058702257
0 0.2844296932220459 0.24780235290527344 0.0501093864440918 0.1900491502549913
0 0.013671875 0.4951388888888889 0.02578125 0.15416666666666667
0 0.3046875 0.4305555555555556 0.053125 0.12222222222222222
0 0.626953125 0.26666666666666666 0.04921875 0.04722222222222222
0 0.66875 0.2298611111111111 0.046875 0.09305555555555556
