0 0.53671875 0.2388888888888889 0.0453125 0.20555555555555555
0 0.46875 0.24375 0.04375 0.20694444444444443
0 0.67265625 0.25763888888888886 0.053125 0.2125
0 0.7966509819030761 0.2827666600545247 0.057364463806152344 0.22108887566460503
0 0.733203125 0.26180555555555557 0.04453125 0.20694444444444443
0 0.40859375 0.25 0.0390625 0.21944444444444444
0 0.60078125 0.24513888888888888 0.0453125 0.2125
0 0.841015625 0.28125 0.04765625 0.2013888888888889
0 0.118068265914917 0.2848768870035807 0.11269903182983398 0.28364266289605033
0 0.030078125 0.5006944444444444 0.06015625 0.2013888888888889
0 0.28203125 0.20902777777777778 0.0484375 0.14027777777777778
0 0.23759746551513672 0.20636304219563803 0.05331993103027344 0.10161497328016493
0 0.05859375 0.275 0.0484375 0.15555555555555556
0 0.2453125 0.33055555555555555 0.0875 0.18888888888888888
