0 0.6770547389984131 0.2638540479871962 0.05254697799682617 0.21659698486328124
0 0.531640625 0.2659722222222222 0.06015625 0.2152777777777778
0 0.605078125 0.24444444444444444 0.04921875 0.2
0 0.8670121192932129 0.691206529405382 0.21683673858642577 0.3157463921440972
0 0.36878993511199953 0.7439393785264757 0.295392370223999 0.31843431260850696
0 0.9445478439331054 0.6300775739881728 0.10940818786621094 0.28237737019856773
0 0.2796875 0.31666666666666665 0.1328125 0.19166666666666668
0 0.139453125 0.3 0.10078125 0.19722222222222222
0 0.8140625 0.28888888888888886 0.090625 0.11666666666666667
0 0.30263147354125974 0.5723955790201823 0.16307543516159057 0.20868004692925346
0 0.200390625 0.28194444444444444 0.04609375 0.07777777777777778
0 0.054296875 0.3298611111111111 0.09453125 0.1597222222222222
0 0.29140625 0.4652777777777778 0.071875 0.25277777777777777
