0 0.9215029761904762 0.33630952380952384 0.14856150793650794 0.16997354497354497
0 0.7934027777777778 0.4072420634920635 0.17261904761904762 0.20072751322751323
0 0.28931051587301587 0.25148809523809523 0.06721230158730158 0.04728835978835979
0 0.46242559523809523 0.230489417989418 0.01314484126984127 0.027116402116402115
0 0.3420138888888889 0.24503968253968253 0.030753968253968252 0.04298941798941799
0 0.37983630952380953 0.2337962962962963 0.018105158730158732 0.031084656084656083
0 0.39856150793650796 0.22800925925925927 0.02132936507936508 0.016865079365079364
0 0.42485119047619047 0.23082010582010581 0.030753968253968252 0.026455026455026454
0 0.42001488095238093 0.24338624338624337 0.01314484126984127 0.036375661375661374
0 0.39347718253968256 0.2640542328042328 0.056299603174603176 0.060515873015873016
0 0.5085565476190477 0.23115079365079366 0.029513888888888888 0.031084656084656083
0 0.5698164682539683 0.22999338624338625 0.035962301587301584 0.03009259259259259
0 0.5298859126984127 0.30522486772486773 0.056299603174603176 0.09656084656084656
0 0.6350446428571429 0.2296626984126984 0.019593253968253968 0.028108465608465607
0 0.6262400793650794 0.24305555555555555 0.023313492063492064 0.0291005291005291
0 0.6024305555555556 0.23511904761904762 0.04265873015873016 0.036375661375661374
0 0.5999503968253969 0.27132936507936506 0.039186507936507936 0.059854497354497355
0 0.1056547619047619 0.2566137566137566 0.044642857142857144 0.046957671957671955
0 0.2251984126984127 0.2814153439153439 0.07390873015873016 0.07208994708994709
0 0.0220734126984127 0.3705357142857143 0.041666666666666664 0.20403439153439154
0 0.09635416666666667 0.32705026455026454 0.10193452380952381 0.13756613756613756
0 0.21639384920634921 0.3548280423280423 0.2065972222222222 0.13756613756613756
0 0.26574900793650796 0.4513888888888889 0.09598214285714286 0.21891534391534392
0 0.4252232142857143 0.5028108465608465 0.21750992063492064 0.265542328042328
0 0.4921875 0.40128968253968256 0.2130456349206349 0.1669973544973545
