0 0.32376282215118407 0.5843925899929471 0.20377564430236816 0.28545184665256074
0 0.9397701263427735 0.5733717176649306 0.06547775864601135 0.2661879009670681
0 0.47109375 0.2326388888888889 0.046875 0.18472222222222223
0 0.5921875 0.3055555555555556 0.071875 0.2
0 0.2349471092224121 0.25910356309678817 0.05583171844482422 0.19876268174913195
0 0.72890625 0.2611111111111111 0.040625 0.20555555555555555
0 0.3859375 0.43819444444444444 0.234375 0.23194444444444445
0 0.570703125 0.8472222222222222 0.30546875 0.2916666666666667
0 0.1478909134864807 0.2684725655449761 0.0676568329334259 0.19805624220106338
0 0.06484375 0.27152777777777776 0.0515625 0.15138888888888888
0 0.6609375 0.30486111111111114 0.0734375 0.19583333333333333
0 0.10078125 0.2777777777777778 0.03125 0.1638888888888889
0 0.28736653327941897 0.2625270843505859 0.05129556655883789 0.21394305759006077
0 0.078515625 0.6229166666666667 0.04921875 0.15138888888888888
