0 0.4682599067687988 0.24855158064100477 0.04276981353759766 0.21099205017089845
0 0.7913604736328125 0.27504408094618055 0.059283447265625 0.21397705078125
0 0.5334475040435791 0.24375909169514973 0.0418950080871582 0.20696262783474392
0 0.41149139404296875 0.24913300408257377 0.0432952880859375 0.20659934149848092
0 0.597265625 0.2465277777777778 0.04609375 0.20416666666666666
0 0.546875 0.8305555555555556 0.2859375 0.3138888888888889
0 0.08996433019638062 0.27740410698784723 0.05649116039276123 0.16036376953125
0 0.05350450277328491 0.2796643575032552 0.028884005546569825 0.1593287150065104
0 0.025390625 0.3541666666666667 0.03828125 0.10555555555555556
0 0.280078125 0.3375 0.16171875 0.17777777777777778
0 0.1484375 0.5069444444444444 0.0375 0.06111111111111111
0 0.28828125 0.47708333333333336 0.0734375 0.26805555555555555
0 0.29921875 0.7381944444444445 0.1046875 0.36527777777777776
0 0.82734375 0.30069444444444443 0.0625 0.09027777777777778
