0 0.4627589225769043 0.25641651153564454 0.055205345153808594 0.21561080084906684
0 0.9354676246643067 0.5700751410590278 0.07718524932861329 0.2734836154513889
0 0.7247606754302979 0.2621480729844835 0.041708850860595705 0.2020739237467448
0 0.23393559455871582 0.26118969387478297 0.05224618911743164 0.2057127210828993
0 0.5935012340545655 0.30387774573432075 0.06668996214866638 0.19942215813530817
0 0.3604538917541504 0.7645279778374566 0.28028278350830077 0.3512781778971354
0 0.28160295486450193 0.2587081061469184 0.050705909729003906 0.22574954562717015
0 0.601953125 0.8458333333333333 0.27109375 0.2861111111111111
0 0.18420140743255614 0.2661584218343099 0.04027781188488007 0.17676128811306424
0 0.11070497035980224 0.27391283247205944 0.04640994668006897 0.1894923316107856
0 0.14099427461624145 0.2699008517795139 0.05542604923248291 0.18980170355902778
0 0.6584712028503418 0.3025800916883681 0.08100491166114807 0.19682685004340278
0 0.044140625 0.3173611111111111 0.03984375 0.1375
0 0.621875 0.58125 0.1359375 0.35138888888888886
0 0.183203125 0.48541666666666666 0.13984375 0.13194444444444445
