0 0.4669341087341309 0.24890626271565755 0.04168071746826172 0.20614585876464844
0 0.60546875 0.24305555555555555 0.05 0.20277777777777778
0 0.7924080848693847 0.27579417758517794 0.05512866973876953 0.21269946628146702
0 0.5346125602722168 0.2439249250623915 0.042662620544433594 0.20173873901367187
0 0.6670477867126465 0.26455565558539496 0.041908076405525206 0.2207779778374566
0 0.8415643692016601 0.2785042232937283 0.04719123840332031 0.1958973354763455
0 0.7327417850494384 0.2623089684380425 0.03892107009887695 0.20239571465386286
0 0.4112649917602539 0.2519143422444661 0.03971750736236572 0.21216201782226562
0 0.23520448207855224 0.2534447352091471 0.054783964157104494 0.19022280375162762
0 0.18594698905944823 0.26123224894205727 0.04064398109912872 0.1696867095099555
0 0.02890625 0.5145833333333333 0.0578125 0.17083333333333334
0 0.063671875 0.28194444444444444 0.05703125 0.1527777777777778
0 0.286328125 0.20347222222222222 0.04921875 0.12083333333333333
0 0.284765625 0.35347222222222224 0.09609375 0.2125
