0 0.94296875 0.5694444444444444 0.0640625 0.2861111111111111
0 0.40653557777404786 0.2551250881618924 0.041196155548095706 0.2241390652126736
0 0.334765625 0.5909722222222222 0.09921875 0.23472222222222222
0 0.845703125 0.34930555555555554 0.14921875 0.1763888888888889
0 0.186328125 0.4048611111111111 0.09921875 0.2625
0 0.2810741662979126 0.2601137585110135 0.052773332595825194 0.2230052947998047
0 0.61171875 0.31180555555555556 0.0859375 0.13194444444444445
0 0.653515625 0.2951388888888889 0.08046875 0.1986111111111111
0 0.0484375 0.3326388888888889 0.0453125 0.1486111111111111
0 0.021484375 0.5944444444444444 0.04140625 0.08055555555555556
0 0.3015625 0.7604166666666666 0.1109375 0.3902777777777778
0 0.246484375 0.6881944444444444 0.06171875 0.2375
0 0.8171875 0.26666666666666666 0.084375 0.058333333333333334
0 0.315234375 0.3861111111111111 0.07890625 0.2388888888888889
