0 0.23682598039215685 0.32312091503267976 0.015318627450980392 0.021241830065359478
0 0.24632352941176472 0.3290441176470588 0.042279411764705885 0.030637254901960783
0 0.18290441176470587 0.3911356209150327 0.11029411764705882 0.0755718954248366
0 0.3232230392156863 0.4348447712418301 0.14950980392156862 0.10988562091503268
0 0.37699142156862747 0.5390114379084967 0.22824754901960784 0.1409313725490196
0 0.43075980392156865 0.3547794117647059 0.03125 0.04370915032679738
0 0.46292892156862747 0.3029003267973856 0.00857843137254902 0.011029411764705883
0 0.48299632352941174 0.31147875816993464 0.02420343137254902 0.01919934640522876
0 0.4973958333333333 0.309640522875817 0.019301470588235295 0.02287581699346405
0 0.46109068627450983 0.3174019607843137 0.03125 0.022058823529411766
0 0.5160845588235294 0.3292483660130719 0.04013480392156863 0.03431372549019608
0 0.5473345588235294 0.3202614379084967 0.018688725490196078 0.027777777777777776
0 0.6178002450980392 0.306781045751634 0.01011029411764706 0.0196078431372549
0 0.5946691176470589 0.3088235294117647 0.032475490196078434 0.02042483660130719
0 0.6052389705882353 0.3161764705882353 0.01991421568627451 0.027777777777777776
0 0.6049325980392157 0.3321078431372549 0.030330882352941176 0.028594771241830064
0 0.7533700980392157 0.2979983660130719 0.0196078431372549 0.012663398692810458
0 0.7166053921568627 0.3029003267973856 0.01838235294117647 0.011029411764705883
0 0.6922487745098039 0.30269607843137253 0.018688725490196078 0.013071895424836602
0 0.6536458333333334 0.306781045751634 0.026041666666666668 0.02042483660130719
0 0.6734068627450981 0.3047385620915033 0.024509803921568627 0.013888888888888888
0 0.6695772058823529 0.320874183006536 0.033394607843137254 0.023284313725490197
0 0.7143075980392157 0.3227124183006536 0.043198529411764705 0.03349673202614379
0 0.7326899509803921 0.31413398692810457 0.021752450980392156 0.027777777777777776
0 0.7464767156862745 0.31985294117647056 0.015012254901960785 0.02287581699346405
0 0.7628676470588235 0.3139297385620915 0.026348039215686275 0.023284313725490197
0 0.6717218137254902 0.32822712418300654 0.018075980392156864 0.010212418300653595
0 0.6939338235294118 0.3290441176470588 0.031862745098039214 0.024918300653594773
0 0.6904105392156863 0.34211601307189543 0.04503676470588235 0.03145424836601307
0 0.6511948529411765 0.3596813725490196 0.07628676470588236 0.051879084967320264
0 0.7902879901960784 0.3492647058823529 0.06587009803921569 0.04820261437908497
0 0.7852328431372549 0.3654003267973856 0.06985294117647059 0.0559640522875817
0 0.7392769607843137 0.369281045751634 0.0784313725490196 0.06862745098039216
0 0.7947303921568627 0.3895016339869281 0.061274509803921566 0.07720588235294118
0 0.6688112745098039 0.38031045751633985 0.06066176470588235 0.06862745098039216
0 0.6902573529411765 0.3972630718954248 0.09191176470588236 0.0763888888888889
0 0.8080575980392157 0.31699346405228757 0.03216911764705882 0.03431372549019608
0 0.8169424019607843 0.33108660130718953 0.0272671568627451 0.03880718954248366
0 0.8259803921568627 0.33251633986928103 0.014093137254901961 0.022058823529411766
0 0.8587622549019608 0.34395424836601307 0.0625 0.05228758169934641
0 0.8471200980392157 0.31719771241830064 0.02267156862745098 0.011029411764705883
0 0.5246629901960784 0.372140522875817 0.057291666666666664 0.05473856209150327
0 0.5640318627450981 0.4111519607843137 0.13786764705882354 0.08455882352941177
0 0.5873161764705882 0.34558823529411764 0.0661764705882353 0.05228758169934641
