0 0.67578125 0.2638888888888889 0.05625 0.2222222222222222
0 0.598046875 0.25 0.04921875 0.2
0 0.581640625 0.7868055555555555 0.32421875 0.35138888888888886
0 0.9415345191955566 0.6302516089545356 0.11588153839111329 0.2827254401312934
0 0.533203125 0.29930555555555555 0.08671875 0.13194444444444445
0 0.341796875 0.5680555555555555 0.08359375 0.19722222222222222
0 0.356640625 0.7125 0.26640625 0.37222222222222223
0 0.8171875 0.29305555555555557 0.0859375 0.10277777777777777
0 0.25617978572845457 0.3033495585123698 0.08735957145690917 0.16503243976169163
0 0.123046875 0.3013888888888889 0.07265625 0.22777777777777777
0 0.198046875 0.2833333333333333 0.04296875 0.08333333333333333
0 0.080859375 0.2798611111111111 0.04765625 0.15694444444444444
0 0.023046875 0.3423611111111111 0.03515625 0.12638888888888888
0 0.290625 0.4736111111111111 0.071875 0.26666666666666666
