0 0.35971779823303224 0.4324374728732639 0.11162309646606446 0.3509860356648763
0 0.9239406585693359 0.5797181871202257 0.10256881713867187 0.2594363742404514
0 0.78828125 0.27152777777777776 0.0546875 0.21805555555555556
0 0.6169505596160889 0.8200775146484375 0.30890109539031985 0.32071060604519314
0 0.592578125 0.3 0.07421875 0.20555555555555555
0 0.2328125 0.2611111111111111 0.059375 0.20555555555555555
0 0.708203125 0.3104166666666667 0.06328125 0.1986111111111111
0 0.3774041414260864 0.6513474358452691 0.22199578285217286 0.33047267066107855
0 0.1368488550186157 0.2716958999633789 0.056510210037231445 0.1933917999267578
0 0.04483237862586975 0.33448441823323566 0.0490397572517395 0.14952439202202691
0 0.65859375 0.3034722222222222 0.075 0.19305555555555556
0 0.28473696708679197 0.26372509002685546 0.049161434173583984 0.21078351338704426
0 0.11061725616455079 0.27371148003472223 0.04623450934886932 0.19742296006944443
0 0.17890625 0.26944444444444443 0.04375 0.17777777777777778
0 0.07578125 0.6625 0.0625 0.12777777777777777
