0 0.3714787483215332 0.6488343132866754 0.2804574966430664 0.28100198109944663
0 0.66875 0.26180555555555557 0.05 0.22083333333333333
0 0.538671875 0.24027777777777778 0.04609375 0.20277777777777778
0 0.7359375 0.25972222222222224 0.04375 0.20555555555555555
0 0.8109375 0.7881944444444444 0.2484375 0.32083333333333336
0 0.7875 0.27361111111111114 0.0515625 0.2222222222222222
0 0.59921875 0.24930555555555556 0.0453125 0.2125
0 0.403125 0.24722222222222223 0.0484375 0.23333333333333334
0 0.08203125 0.2722222222222222 0.059375 0.17222222222222222
0 0.13532450199127197 0.26863621605767146 0.04721150100231171 0.1761613104078505
0 0.215234375 0.3194444444444444 0.10703125 0.25
0 0.13338019847869872 0.47927491929796007 0.10269789695739746 0.2279942830403646
0 0.02265625 0.34375 0.034375 0.10138888888888889
0 0.287109375 0.20277777777777778 0.04921875 0.09722222222222222
0 0.18125 0.2222222222222222 0.065625 0.23333333333333334
0 0.069921875 0.6694444444444444 0.08671875 0.14444444444444443
