0 0.8384077072143554 0.28382903205023874 0.05806541442871094 0.20932473076714408
0 0.3570434093475342 0.6647600385877821 0.27814931869506837 0.2461867438422309
0 0.5226114749908447 0.45154363844129775 0.07803544998168946 0.2975317001342773
0 0.4033068656921387 0.24840384589301215 0.04411373138427734 0.21347435845269097
0 0.6703125 0.2611111111111111 0.0453125 0.2222222222222222
0 0.601953125 0.24861111111111112 0.04921875 0.2111111111111111
0 0.5328125 0.22708333333333333 0.0421875 0.18194444444444444
0 0.7280704975128174 0.2612277984619141 0.040515995025634764 0.2002333747016059
0 0.232421875 0.2625 0.05234375 0.20555555555555555
0 0.11484375 0.2638888888888889 0.0609375 0.18055555555555555
0 0.280078125 0.2611111111111111 0.05390625 0.21388888888888888
0 0.18594120740890502 0.26276045905219186 0.03750741481781006 0.15885424084133573
0 0.055078125 0.33125 0.04609375 0.1125
0 0.019921875 0.3486111111111111 0.03046875 0.09722222222222222
