0 0.4485045909881592 0.27007035149468317 0.10325918197631836 0.35125183529324
0 0.60546875 0.24861111111111112 0.05 0.2111111111111111
0 0.349609375 0.6604166666666667 0.28984375 0.25416666666666665
0 0.66875 0.25972222222222224 0.0453125 0.2222222222222222
0 0.53046875 0.24375 0.0421875 0.20972222222222223
0 0.8445505142211914 0.282457881503635 0.05160102844238281 0.20102687411838108
0 0.7292441368103028 0.26025967068142364 0.038175773620605466 0.1955193413628472
0 0.40427074432373045 0.22293247646755643 0.04604150950908661 0.15697605344984267
0 0.15036394596099853 0.3266518910725911 0.12885289192199706 0.1894148932562934
0 0.23284542560577393 0.26810260348849824 0.05006585121154785 0.21953854031032985
0 0.03984375 0.3034722222222222 0.0734375 0.17916666666666667
0 0.115234375 0.24027777777777778 0.06328125 0.1361111111111111
0 0.02109375 0.4173611111111111 0.040625 0.13472222222222222
0 0.2875 0.19652777777777777 0.0515625 0.09583333333333334
