0 0.465625 0.24791666666666667 0.0453125 0.2125
0 0.675 0.2611111111111111 0.053125 0.2222222222222222
0 0.796484375 0.2791666666666667 0.05703125 0.225
0 0.53203125 0.24305555555555555 0.0421875 0.20833333333333334
0 0.6015625 0.24375 0.0453125 0.20694444444444443
0 0.8530710220336915 0.2855189005533854 0.06395454406738281 0.2015933566623264
0 0.41015625 0.24861111111111112 0.0421875 0.21666666666666667
0 0.728515625 0.26180555555555557 0.03828125 0.20416666666666666
0 0.2066129446029663 0.34701605902777777 0.14291337728500367 0.16625434027777777
0 0.2375 0.24583333333333332 0.0546875 0.18055555555555555
0 0.28515625 0.2152777777777778 0.0453125 0.11944444444444445
0 0.090234375 0.25972222222222224 0.05390625 0.19722222222222222
0 0.05625 0.2722222222222222 0.046875 0.1638888888888889
