0 0.44882979393005373 0.2911524242824978 0.12578458786010743 0.18508262634277345
0 0.8879338264465332 0.6270464579264323 0.14305515289306642 0.2513151380750868
0 0.6108695983886718 0.25053607092963326 0.04361419975757599 0.2010721418592665
0 0.177734375 0.3111111111111111 0.06953125 0.16944444444444445
0 0.5396861076354981 0.30514729817708336 0.07312221527099609 0.13807237413194445
0 0.3596240520477295 0.8022354125976563 0.275498104095459 0.24891524844699436
0 0.076953125 0.39652777777777776 0.12265625 0.19027777777777777
0 0.8163610458374023 0.2830547332763672 0.08428459167480469 0.12166501151190864
0 0.337890625 0.5743055555555555 0.08828125 0.20694444444444443
0 0.2265625 0.26805555555555555 0.0703125 0.08333333333333333
0 0.2734375 0.29444444444444445 0.0875 0.25
0 0.0671875 0.27847222222222223 0.046875 0.09861111111111111
0 0.253125 0.6881944444444444 0.0734375 0.22916666666666666
