0 0.3830237865447998 0.7571523878309462 0.3004225492477417 0.34208255343967015
0 0.8309776306152343 0.7934523688422309 0.29476776123046877 0.30634918212890627
0 0.401953125 0.24722222222222223 0.04765625 0.21666666666666667
0 0.66640625 0.2548611111111111 0.046875 0.2152777777777778
0 0.8435851097106933 0.2767352845933702 0.05123271942138672 0.19235945807562935
0 0.114453125 0.2652777777777778 0.06171875 0.17777777777777778
0 0.601953125 0.2534722222222222 0.04609375 0.22361111111111112
0 0.726953125 0.25763888888888886 0.04140625 0.2013888888888889
0 0.53203125 0.24166666666666667 0.04375 0.20555555555555555
0 0.233984375 0.25555555555555554 0.05546875 0.2111111111111111
0 0.079296875 0.575 0.06484375 0.1361111111111111
0 0.28506877422332766 0.23922589619954426 0.045137548446655275 0.16734068128797744
0 0.1828125 0.25555555555555554 0.0421875 0.18611111111111112
0 0.05546875 0.3277777777777778 0.0484375 0.11666666666666667
0 0.02265625 0.3451388888888889 0.034375 0.10416666666666667
0 0.265625 0.3472222222222222 0.1203125 0.23055555555555557
