0 0.4671875 0.24930555555555556 0.046875 0.21805555555555556
0 0.6265625 0.5847222222222223 0.1515625 0.35833333333333334
0 0.937890625 0.5715277777777777 0.07109375 0.2847222222222222
0 0.592578125 0.3020833333333333 0.07109375 0.2013888888888889
0 0.724609375 0.2611111111111111 0.04921875 0.19444444444444445
0 0.23125 0.25972222222222224 0.0578125 0.20555555555555555
0 0.518359375 0.75625 0.26015625 0.33194444444444443
0 0.18167194128036498 0.25893677605523 0.03990638256072998 0.18731799655490453
0 0.138192081451416 0.2735333972507053 0.05294666290283203 0.1942890167236328
0 0.326171875 0.6069444444444444 0.12578125 0.36666666666666664
0 0.65859375 0.3020833333333333 0.075 0.19583333333333333
0 0.089453125 0.3173611111111111 0.08359375 0.1486111111111111
0 0.28515625 0.20833333333333334 0.05 0.11388888888888889
0 0.112890625 0.22083333333333333 0.04921875 0.07777777777777778
0 0.279296875 0.3215277777777778 0.06328125 0.24027777777777778
