0 0.540234375 0.24305555555555555 0.05078125 0.21666666666666667
0 0.673828125 0.2604166666666667 0.05234375 0.22083333333333333
0 0.60703125 0.24513888888888888 0.0453125 0.20416666666666666
0 0.47109375 0.2520833333333333 0.040625 0.2263888888888889
0 0.41015625 0.2520833333333333 0.0453125 0.23194444444444445
0 0.879168701171875 0.6851718478732639 0.19271241426467894 0.2564548068576389
0 0.9220575332641602 0.4335603502061632 0.10505256652832032 0.3143429438273112
0 0.22934336662292482 0.22816933525933158 0.05868673324584961 0.24800533718532985
0 0.8437161445617676 0.2805731667412652 0.04993228912353516 0.23059077792697483
0 0.14375 0.26666666666666666 0.059375 0.2
0 0.07734375 0.28958333333333336 0.0578125 0.14305555555555555
0 0.192578125 0.2569444444444444 0.05078125 0.19722222222222222
0 0.284375 0.19444444444444445 0.046875 0.18333333333333332
0 0.05390625 0.28125 0.0359375 0.15416666666666667
0 0.308203125 0.3729166666666667 0.08671875 0.25972222222222224
