0 0.4006979465484619 0.4384245130750868 0.14202090501785278 0.2962934917873806
0 0.7876274108886718 0.27160956064860026 0.05337982177734375 0.2098857879638672
0 0.669921875 0.2388888888888889 0.04453125 0.2611111111111111
0 0.530078125 0.24513888888888888 0.04296875 0.2152777777777778
0 0.60234375 0.25069444444444444 0.046875 0.20694444444444443
0 0.40234375 0.24791666666666667 0.05 0.1875
0 0.300390625 0.7458333333333333 0.10703125 0.375
0 0.08515625 0.2791666666666667 0.0546875 0.16666666666666666
0 0.022265625 0.35347222222222224 0.03515625 0.09583333333333334
0 0.05390625 0.2673611111111111 0.034375 0.13194444444444445
0 0.278125 0.32916666666666666 0.15625 0.20277777777777778
0 0.294921875 0.4756944444444444 0.08984375 0.2708333333333333
0 0.121484375 0.5333333333333333 0.03203125 0.05555555555555555
0 0.824609375 0.29791666666666666 0.06953125 0.09583333333333334
