0 0.60859375 0.2465277777777778 0.0484375 0.20694444444444443
0 0.793403434753418 0.27717507680257164 0.05868186950683594 0.22101682027180988
0 0.40390625 0.21875 0.05 0.2902777777777778
0 0.66640625 0.26319444444444445 0.046875 0.22361111111111112
0 0.8666379928588868 0.7084149678548177 0.20827598571777345 0.29182991451687285
0 0.9516712188720703 0.6486393398708767 0.09552993774414062 0.27227867974175346
0 0.33984375 0.5763888888888888 0.084375 0.21666666666666667
0 0.16796875 0.28194444444444444 0.0796875 0.175
0 0.12121902704238892 0.6097301907009549 0.14868805408477784 0.2694604025946723
0 0.043359375 0.2972222222222222 0.05859375 0.20277777777777778
0 0.287109375 0.3104166666666667 0.14921875 0.1875
0 0.287109375 0.47847222222222224 0.07421875 0.2791666666666667
0 0.828125 0.29930555555555555 0.0640625 0.09583333333333334
