0 0.6194591999053956 0.29236810472276475 0.10141839981079101 0.1625139872233073
0 0.8408403396606445 0.3433766682942708 0.156680691242218 0.1839755376180013
0 0.403515625 0.2222222222222222 0.05078125 0.28888888888888886
0 0.9719679832458497 0.6144018385145399 0.05487346649169922 0.34547034369574653
0 0.53359375 0.19305555555555556 0.0578125 0.375
0 0.050390625 0.32222222222222224 0.04921875 0.1638888888888889
0 0.28828125 0.23472222222222222 0.0546875 0.21666666666666667
0 0.096484375 0.5819444444444445 0.02734375 0.07777777777777778
0 0.021875 0.5923611111111111 0.0421875 0.0763888888888889
0 0.022265625 0.3472222222222222 0.03046875 0.11388888888888889
0 0.299609375 0.7576388888888889 0.11171875 0.39305555555555555
0 0.344921875 0.5847222222222223 0.07734375 0.225
0 0.319140625 0.38333333333333336 0.07421875 0.23055555555555557
