0 0.08023313492063493 0.1865079365079365 0.018601190476190476 0.017195767195767195
0 0.08556547619047619 0.2197420634920635 0.03819444444444445 0.06779100529100529
0 0.04092261904761905 0.2240410052910053 0.0496031746031746 0.06448412698412699
0 0.16431051587301587 0.2056878306878307 0.05927579365079365 0.046296296296296294
0 0.1657986111111111 0.2501653439153439 0.07465277777777778 0.04728835978835979
0 0.11235119047619048 0.36689814814814814 0.08779761904761904 0.25892857142857145
0 0.23028273809523808 0.43039021164021163 0.10887896825396826 0.24239417989417988
0 0.2508680555555556 0.23313492063492064 0.09945436507936507 0.10052910052910052
0 0.34523809523809523 0.1949404761904762 0.0441468253968254 0.028769841269841268
0 0.3680555555555556 0.1939484126984127 0.01240079365079365 0.040674603174603176
0 0.31535218253968256 0.21577380952380953 0.04290674603174603 0.04794973544973545
0 0.38777281746031744 0.23660714285714285 0.02703373015873016 0.03736772486772487
0 0.35962301587301587 0.23528439153439154 0.040674603174603176 0.06779100529100529
0 0.5100446428571429 0.19659391534391535 0.03546626984126984 0.03207671957671958
0 0.5487351190476191 0.1875 0.028025793650793652 0.021164021164021163
0 0.5815972222222222 0.21180555555555555 0.05009920634920635 0.045304232804232805
0 0.5751488095238095 0.21246693121693122 0.06101190476190476 0.045304232804232805
0 0.5249255952380952 0.22106481481481483 0.06473214285714286 0.0625
0 0.6262400793650794 0.21428571428571427 0.023313492063492064 0.02447089947089947
0 0.6137152777777778 0.20006613756613756 0.028025793650793652 0.031084656084656083
0 0.6329365079365079 0.2013888888888889 0.023313492063492064 0.02447089947089947
0 0.6986607142857143 0.21924603174603174 0.018849206349206348 0.025793650793650792
0 0.7201140873015873 0.20221560846560846 0.03794642857142857 0.0333994708994709
0 0.7332589285714286 0.2025462962962963 0.015128968253968254 0.026785714285714284
0 0.810515873015873 0.23115079365079366 0.07936507936507936 0.06878306878306878
0 0.7614087301587301 0.531415343915344 0.46825396825396826 0.3994708994708995
