0 0.3701288938522339 0.7203609890407986 0.28713278770446776 0.3573886871337891
0 0.46796875 0.24444444444444444 0.0484375 0.20833333333333334
0 0.606640625 0.24791666666666667 0.05390625 0.20416666666666666
0 0.66875 0.26180555555555557 0.0421875 0.22361111111111112
0 0.788671875 0.27291666666666664 0.05234375 0.22361111111111112
0 0.72734375 0.2625 0.0390625 0.20555555555555555
0 0.88359375 0.7006944444444444 0.1921875 0.3402777777777778
0 0.8408735275268555 0.2634091271294488 0.05362205505371094 0.17126269870334201
0 0.23194451332092286 0.25732998318142364 0.0545140266418457 0.21465996636284723
0 0.14172801971435547 0.2761774698893229 0.042831039428710936 0.18846605088975693
0 0.18298580646514892 0.2589151594373915 0.04253411293029785 0.192830318874783
0 0.10234375 0.275 0.0390625 0.16111111111111112
0 0.06448222994804383 0.27006598578559027 0.04615195989608765 0.15124307208591037
0 0.28464932441711427 0.21593110826280382 0.058361148834228514 0.14019556045532228
0 0.023828125 0.34375 0.03671875 0.10138888888888889
0 0.295703125 0.35625 0.07109375 0.25416666666666665
0 0.22109375 0.5534722222222223 0.05 0.15694444444444444
