0 0.692495059967041 0.4420964558919271 0.22561511993408204 0.2647484461466471
0 0.46875 0.24375 0.04375 0.2152777777777778
0 0.7263489723205566 0.2621323903401693 0.040197941660881045 0.19926478068033854
0 0.3818023443222046 0.3505834791395399 0.06516718864440918 0.23450031280517578
0 0.666796875 0.25 0.04296875 0.2
0 0.60625 0.23402777777777778 0.053125 0.17916666666666667
0 0.8727885246276855 0.6669116973876953 0.2018270492553711 0.2754900614420573
0 0.840478515625 0.2654447979397244 0.05439453125 0.16977848476833768
0 0.23475522994995118 0.2616377512613932 0.055447959899902345 0.20938661363389757
0 0.104296875 0.2743055555555556 0.03828125 0.1625
0 0.14204707145690917 0.2745314280192057 0.04503163993358612 0.19350730048285592
0 0.28125 0.2604166666666667 0.059375 0.2152777777777778
0 0.06217141747474671 0.2719066407945421 0.04778033494949341 0.14936884774102105
0 0.183984375 0.2625 0.04296875 0.18333333333333332
0 0.02421875 0.3506944444444444 0.034375 0.10972222222222222
0 0.2484375 0.5180555555555556 0.0625 0.3138888888888889
