0 0.9277803421020507 0.531383768717448 0.10556068420410156 0.3627675374348958
0 0.542578125 0.24097222222222223 0.04453125 0.2152777777777778
0 0.667578125 0.2520833333333333 0.04765625 0.20694444444444443
0 0.60546875 0.24791666666666667 0.046875 0.20694444444444443
0 0.46953125 0.25 0.0421875 0.2222222222222222
0 0.81328125 0.2902777777777778 0.0703125 0.2861111111111111
0 0.7296875 0.26319444444444445 0.0390625 0.2125
0 0.218359375 0.38333333333333336 0.17421875 0.19444444444444445
0 0.142578125 0.26805555555555555 0.05703125 0.17777777777777778
0 0.8358386993408203 0.23778216044108072 0.057614898681640624 0.13111987643771703
0 0.18377208709716797 0.26220506032307944 0.034731677174568175 0.17441011004977755
0 0.065625 0.2777777777777778 0.053125 0.15555555555555556
0 0.284375 0.19444444444444445 0.0546875 0.09166666666666666
0 0.252734375 0.2743055555555556 0.08203125 0.09305555555555556
