0 0.6691147804260253 0.25511237250434027 0.04604206085205078 0.20189141167534722
0 0.5387864112854004 0.24314592149522568 0.04007281959056854 0.1974029541015625
0 0.4040694236755371 0.2540239969889323 0.044076374173164366 0.2163813273111979
0 0.6011027336120606 0.2538697560628255 0.042830467224121094 0.2021839565700955
0 0.7372979164123535 0.2652903027004666 0.04334583282470703 0.20280282762315538
0 0.7905335426330566 0.27455810970730254 0.04825458526611328 0.2185606638590495
0 0.35895605087280275 0.7010965983072917 0.27103710174560547 0.22441541883680555
0 0.08125 0.28125 0.0625 0.17083333333333334
0 0.8426296234130859 0.29673909081353084 0.04619674980640411 0.2323670705159505
0 0.174609375 0.30625 0.05703125 0.16805555555555557
0 0.14136059284210206 0.2260939704047309 0.0608461856842041 0.13829904132419163
0 0.1328125 0.3194444444444444 0.0453125 0.16666666666666666
0 0.024609375 0.3486111111111111 0.03671875 0.1111111111111111
0 0.07109375 0.675 0.0765625 0.1527777777777778
0 0.282421875 0.19444444444444445 0.04921875 0.09166666666666666
0 0.264453125 0.31875 0.13671875 0.18194444444444444
0 0.287890625 0.4673611111111111 0.07109375 0.2763888888888889
