0 0.466796875 0.2423611111111111 0.04609375 0.20694444444444443
0 0.35660150051116946 0.6626018524169922 0.28664050102233884 0.30298148261176217
0 0.667578125 0.25972222222222224 0.04453125 0.2222222222222222
0 0.6046875 0.24722222222222223 0.05 0.21666666666666667
0 0.4044025897979736 0.2494675530327691 0.04161767959594727 0.21282399495442708
0 0.534765625 0.24027777777777778 0.04140625 0.2111111111111111
0 0.7296875 0.25833333333333336 0.0390625 0.19722222222222222
0 0.23125 0.24166666666666667 0.0546875 0.24444444444444444
0 0.8440986633300781 0.26254132588704426 0.05225982666015625 0.16397154066297742
0 0.140625 0.27569444444444446 0.0609375 0.1875
0 0.2859375 0.2638888888888889 0.053125 0.2111111111111111
0 0.192578125 0.2611111111111111 0.04921875 0.18611111111111112
0 0.11328125 0.2513888888888889 0.0578125 0.1527777777777778
0 0.060546875 0.29930555555555555 0.07421875 0.14305555555555555
