0 0.6687225341796875 0.2603547202216254 0.043695068359375 0.206820551554362
0 0.7920740127563477 0.27383299933539496 0.05446052551269531 0.21711044311523436
0 0.9336559295654296 0.6543484581841363 0.09387435913085937 0.29480800628662107
0 0.5336453437805175 0.24125857883029514 0.04072818458080292 0.20196160210503472
0 0.7105981826782226 0.6866527557373047 0.08057136535644531 0.32608331044514977
0 0.6057421684265136 0.24925630357530382 0.04117183983325958 0.2012903849283854
0 0.40702047348022463 0.25393816630045574 0.03904094696044922 0.2162096659342448
0 0.7348005294799804 0.26606547037760414 0.03991355895996094 0.20435318417019313
0 0.20213463306427001 0.3608023325602214 0.09489426612854004 0.18271577623155383
0 0.2331019163131714 0.21783273484971788 0.053703832626342776 0.12455436918470594
0 0.09140625 0.29930555555555555 0.0765625 0.16527777777777777
0 0.28740339279174804 0.2614518483479818 0.048244285583496097 0.20623703002929689
0 0.05390625 0.2847222222222222 0.0359375 0.15833333333333333
0 0.016015625 0.3055555555555556 0.03203125 0.12777777777777777
