0 0.433984375 0.3902777777777778 0.16484375 0.3277777777777778
0 0.925 0.5756944444444444 0.1015625 0.26805555555555555
0 0.78828125 0.2722222222222222 0.0546875 0.21388888888888888
0 0.3656015157699585 0.7020570543077257 0.28745303153991697 0.24578077528211806
0 0.23501214981079102 0.2597665574815538 0.06064929962158203 0.20842200385199652
0 0.5950028419494628 0.30188810560438367 0.06813068389892578 0.20377621120876735
0 0.4691123962402344 0.21420434315999348 0.04134978950023651 0.1395197974310981
0 0.1109375 0.2708333333333333 0.059375 0.19166666666666668
0 0.701171875 0.3388888888888889 0.06171875 0.14722222222222223
0 0.05078125 0.3333333333333333 0.0484375 0.1527777777777778
0 0.659765625 0.3125 0.07734375 0.18333333333333332
0 0.184765625 0.2604166666666667 0.05546875 0.19027777777777777
0 0.06875 0.6736111111111112 0.0546875 0.1361111111111111
