0 0.7902241706848144 0.2734590318467882 0.050760841369628905 0.21914028591579862
0 0.915172004699707 0.6589633517795139 0.12565650939941406 0.2929267247517904
0 0.530859375 0.24166666666666667 0.04296875 0.20277777777777778
0 0.4045449733734131 0.22547240787082248 0.04815244674682617 0.27872259351942275
0 0.733203125 0.26319444444444445 0.04453125 0.2152777777777778
0 0.3085659027099609 0.6038089328342013 0.16869430541992186 0.3687289767795139
0 0.594503927230835 0.8565539889865451 0.2827578544616699 0.2464413113064236
0 0.676953125 0.27569444444444446 0.04609375 0.2569444444444444
0 0.259375 0.33611111111111114 0.1140625 0.19722222222222222
0 0.1489274501800537 0.2577832963731554 0.06504240036010742 0.20167770385742187
0 0.0328125 0.6895833333333333 0.0578125 0.28194444444444444
0 0.082421875 0.28055555555555556 0.06171875 0.16944444444444445
0 0.026171875 0.34791666666666665 0.03984375 0.1125
0 0.125390625 0.5034722222222222 0.08671875 0.16527777777777777
0 0.28515625 0.1986111111111111 0.05625 0.09166666666666666
0 0.290234375 0.45555555555555555 0.08203125 0.24166666666666667
