0 0.3410388231277466 0.6561806148952908 0.23520264625549317 0.27069456312391493
0 0.8214848518371582 0.32266432444254556 0.14140720367431642 0.2036619822184245
0 0.9296875 0.6041666666666666 0.0890625 0.2
0 0.7242282867431641 0.2629097408718533 0.045331573486328124 0.19804170396592882
0 0.596484375 0.8194444444444444 0.31796875 0.3194444444444444
0 0.54609375 0.28402777777777777 0.1703125 0.19583333333333333
0 0.279296875 0.22777777777777777 0.05546875 0.2777777777777778
0 0.23359375 0.2590277777777778 0.0546875 0.2125
0 0.5910681247711181 0.30131573147243923 0.07119874954223633 0.1998536851671007
0 0.137109375 0.27361111111111114 0.05390625 0.18611111111111112
0 0.04707105159759521 0.32870089213053383 0.044142100214958194 0.14906844033135308
0 0.66015625 0.30069444444444443 0.078125 0.2013888888888889
0 0.182421875 0.2652777777777778 0.04453125 0.18333333333333332
0 0.108203125 0.27569444444444446 0.04296875 0.19305555555555556
