0 0.7950089454650879 0.4911739773220486 0.1665803909301758 0.3184590657552083
0 0.6757046699523925 0.259818352593316 0.051409339904785155 0.20852559407552082
0 0.398046875 0.28888888888888886 0.10234375 0.23055555555555557
0 0.6029158115386963 0.2552725474039714 0.046456626057624816 0.26054507361518014
0 0.376171875 0.7229166666666667 0.30234375 0.3486111111111111
0 0.9428030014038086 0.6311080084906684 0.11373100280761719 0.28443823920355904
0 0.04698857069015503 0.3256459554036458 0.08772714138031006 0.22351415422227647
0 0.27578125 0.3159722222222222 0.11875 0.19583333333333333
0 0.8158684730529785 0.2838253868950738 0.08798694014549255 0.12042854097154405
0 0.037109375 0.6243055555555556 0.06796875 0.1375
0 0.200390625 0.28402777777777777 0.05546875 0.08472222222222223
0 0.291015625 0.46319444444444446 0.08359375 0.2513888888888889
0 0.340234375 0.5638888888888889 0.08046875 0.19166666666666668
