0 0.6171875 0.29097222222222224 0.103125 0.16805555555555557
0 0.840625 0.35138888888888886 0.1625 0.16944444444444445
0 0.9433465003967285 0.5715330759684245 0.06638050079345703 0.27362168629964195
0 0.401953125 0.25 0.04609375 0.2222222222222222
0 0.352726674079895 0.6752710130479601 0.26326584815979004 0.3088753594292535
0 0.047265625 0.32569444444444445 0.04453125 0.1486111111111111
0 0.2859646797180176 0.2651743994818793 0.04224185943603516 0.21645991007486978
0 0.021875 0.5923611111111111 0.0421875 0.07916666666666666
0 0.816015625 0.2625 0.08203125 0.05
0 0.34296875 0.5569444444444445 0.078125 0.16944444444444445
0 0.30078125 0.8236111111111111 0.1109375 0.26944444444444443
0 0.246875 0.7305555555555555 0.059375 0.16111111111111112
0 0.3125 0.3854166666666667 0.0765625 0.2263888888888889
0 0.096875 0.5909722222222222 0.025 0.07083333333333333
