0 0.6587602615356445 0.3780815124511719 0.13314552307128907 0.29782967037624786
0 0.85 0.5354166666666667 0.2015625 0.31805555555555554
0 0.6083724021911621 0.2200970967610677 0.047994804382324216 0.27630528344048394
0 0.400390625 0.3659722222222222 0.09609375 0.25416666666666665
0 0.534765625 0.29444444444444445 0.08203125 0.16666666666666666
0 0.81328125 0.28958333333333336 0.0921875 0.1125
0 0.0548273503780365 0.242482058207194 0.067467200756073 0.184964116414388
0 0.344921875 0.5645833333333333 0.07890625 0.1986111111111111
0 0.21640625 0.275 0.08125 0.10277777777777777
0 0.030859375 0.40625 0.06015625 0.19305555555555556
0 0.314453125 0.38125 0.08046875 0.24027777777777778
0 0.23828125 0.6944444444444444 0.071875 0.2222222222222222
0 0.303515625 0.7472222222222222 0.11796875 0.3972222222222222
