0 0.46796875 0.24583333333333332 0.04375 0.20833333333333334
0 0.7956066131591797 0.28149066501193576 0.05683822631835937 0.2268702189127604
0 0.534765625 0.23819444444444443 0.04453125 0.20416666666666666
0 0.670703125 0.2548611111111111 0.04765625 0.2152777777777778
0 0.735546875 0.2659722222222222 0.05234375 0.2152777777777778
0 0.8451678276062011 0.271435186598036 0.04658565521240234 0.1734259287516276
0 0.401953125 0.24861111111111112 0.04765625 0.21944444444444444
0 0.60703125 0.3375 0.0859375 0.24166666666666667
0 0.143359375 0.2777777777777778 0.07421875 0.20555555555555555
0 0.066015625 0.28402777777777777 0.04765625 0.1625
0 0.28438310623168944 0.1961942884657118 0.04532870948314667 0.08405524359809027
0 0.2326338768005371 0.22285482618543836 0.04808025360107422 0.12904298570421008
0 0.249867582321167 0.31720790863037107 0.0669226586818695 0.17608247333102756
0 0.2609375 0.525 0.0734375 0.2777777777777778
