0 0.727734375 0.3111111111111111 0.15078125 0.26666666666666666
0 0.3162374973297119 0.5618646409776475 0.15591249465942383 0.3237293031480577
0 0.529296875 0.24166666666666667 0.04609375 0.2111111111111111
0 0.46796875 0.24583333333333332 0.0421875 0.21388888888888888
0 0.4015625 0.2465277777777778 0.0453125 0.2152777777777778
0 0.8538704872131347 0.2771998723347982 0.06399098038673401 0.18495530022515191
0 0.728640079498291 0.20270235273573134 0.038530158996582034 0.08040470547146267
0 0.19474465847015382 0.25825894673665367 0.05355181694030762 0.1887401156955295
0 0.790625 0.2465277777777778 0.059375 0.1763888888888889
0 0.146875 0.2763888888888889 0.0671875 0.2111111111111111
0 0.2813009738922119 0.24172696007622613 0.050101947784423825 0.18345392015245227
0 0.1125 0.2722222222222222 0.0609375 0.18333333333333332
0 0.062890625 0.2833333333333333 0.04921875 0.16666666666666666
0 0.29921875 0.35694444444444445 0.1125 0.2222222222222222
