0 0.46508188247680665 0.4873673333062066 0.15047626495361327 0.2969568888346354
0 0.608984375 0.24513888888888888 0.04765625 0.20694444444444443
0 0.8491654396057129 0.5348690880669488 0.20145587921142577 0.33362706502278644
0 0.402734375 0.29930555555555555 0.18046875 0.18194444444444444
0 0.531640625 0.2916666666666667 0.08828125 0.1638888888888889
0 0.815234375 0.29097222222222224 0.08828125 0.10972222222222222
0 0.344140625 0.5902777777777778 0.08046875 0.2222222222222222
0 0.21567184925079347 0.2566571977403429 0.07821869850158691 0.1327588399251302
0 0.06399866342544555 0.269436518351237 0.04518482387065888 0.16387303670247397
0 0.0859375 0.275 0.0546875 0.15555555555555556
0 0.024609375 0.35208333333333336 0.03671875 0.10416666666666667
0 0.316015625 0.3909722222222222 0.07578125 0.23472222222222222
0 0.24609375 0.6944444444444444 0.065625 0.21944444444444444
0 0.302734375 0.7520833333333333 0.11953125 0.39305555555555555
