0 0.036210317460317464 0.408234126984127 0.06994047619047619 0.11805555555555555
0 0.038318452380952384 0.44229497354497355 0.07465277777777778 0.12136243386243387
0 0.0767609126984127 0.40145502645502645 0.10094246031746032 0.15343915343915343
0 0.23152281746031747 0.33482142857142855 0.06274801587301587 0.0539021164021164
0 0.2238343253968254 0.4260912698412698 0.046378968253968256 0.15112433862433863
0 0.2977430555555556 0.4095568783068783 0.11086309523809523 0.06580687830687831
0 0.4280753968253968 0.3039021164021164 0.05009920634920635 0.036375661375661374
0 0.42646329365079366 0.32936507936507936 0.047867063492063495 0.037698412698412696
0 0.4742063492063492 0.3272156084656085 0.05009920634920635 0.045304232804232805
0 0.4758184523809524 0.32688492063492064 0.043402777777777776 0.05125661375661376
0 0.46490575396825395 0.39169973544973546 0.16691468253968253 0.1550925925925926
0 0.5498511904761905 0.3637566137566138 0.08680555555555555 0.0992063492063492
0 0.6094990079365079 0.31316137566137564 0.038938492063492064 0.037698412698412696
0 0.5907738095238095 0.3017526455026455 0.039186507936507936 0.03009259259259259
0 0.6357886904761905 0.296957671957672 0.025049603174603176 0.03306878306878307
0 0.859375 0.31382275132275134 0.027281746031746032 0.0291005291005291
0 0.7047371031746031 0.32837301587301587 0.0900297619047619 0.08068783068783068
0 0.8542906746031746 0.2934854497354497 0.05431547619047619 0.03736772486772487
0 0.890625 0.2941468253968254 0.04563492063492063 0.040674603174603176
0 0.7610367063492064 0.31084656084656087 0.015128968253968254 0.0291005291005291
0 0.7270585317460317 0.28951719576719576 0.04439484126984127 0.030753968253968252
0 0.7214781746031746 0.3133267195767196 0.0689484126984127 0.04794973544973545
