0 0.851953125 0.5152777777777777 0.20546875 0.3611111111111111
0 0.4539654731750488 0.4830754174126519 0.14230594635009766 0.2967063903808594
0 0.6078035354614257 0.2506757100423177 0.04685707092285156 0.20412919786241318
0 0.8163713455200196 0.2837912029690213 0.08586769104003907 0.12591573927137586
0 0.56484375 0.7909722222222222 0.2890625 0.3486111111111111
0 0.5359375 0.29097222222222224 0.0875 0.17083333333333334
0 0.21640625 0.2763888888888889 0.084375 0.10555555555555556
0 0.246484375 0.6881944444444444 0.07734375 0.2152777777777778
0 0.084765625 0.26805555555555555 0.05390625 0.18055555555555555
0 0.026953125 0.3506944444444444 0.04140625 0.10694444444444444
0 0.051171875 0.26319444444444445 0.04765625 0.12916666666666668
0 0.302734375 0.35138888888888886 0.07265625 0.2722222222222222
0 0.3375 0.5534722222222223 0.0890625 0.16805555555555557
0 0.336328125 0.7284722222222222 0.14453125 0.20972222222222223
