0 0.9426668167114258 0.5735157860649956 0.06502112746238708 0.2748093499077691
0 0.4067222595214844 0.2582132551405165 0.043132039904594424 0.22475984361436632
0 0.84609375 0.35 0.15 0.175
0 0.280859375 0.26319444444444445 0.05703125 0.21805555555555556
0 0.33203125 0.5916666666666667 0.103125 0.2388888888888889
0 0.612890625 0.31180555555555556 0.08671875 0.13194444444444445
0 0.65625 0.2951388888888889 0.0828125 0.19583333333333333
0 0.049609375 0.33402777777777776 0.04921875 0.13472222222222222
0 0.023046875 0.59375 0.04453125 0.07916666666666666
0 0.09453125 0.6013888888888889 0.034375 0.10277777777777777
0 0.240625 0.6986111111111111 0.059375 0.2222222222222222
0 0.301171875 0.7555555555555555 0.11328125 0.3972222222222222
0 0.818359375 0.26458333333333334 0.08046875 0.05416666666666667
