0 0.674609375 0.2569444444444444 0.05390625 0.2111111111111111
0 0.467578125 0.24791666666666667 0.04453125 0.2125
0 0.53203125 0.24166666666666667 0.04375 0.20555555555555555
0 0.7946674823760986 0.28194327884250214 0.05495996475219726 0.22221989101833767
0 0.0792550802230835 0.516657723320855 0.08507266044616699 0.24164877997504342
0 0.84140625 0.2638888888888889 0.0484375 0.1638888888888889
0 0.730859375 0.26319444444444445 0.03984375 0.19583333333333333
0 0.4078125 0.24930555555555556 0.0390625 0.2152777777777778
0 0.6 0.24861111111111112 0.04375 0.21388888888888888
0 0.23800787925720215 0.25401935577392576 0.0525782585144043 0.19414982265896266
0 0.2857292413711548 0.2523822784423828 0.044895979762077334 0.19087566799587674
0 0.08671875 0.2722222222222222 0.0609375 0.15833333333333333
0 0.053515625 0.2791666666666667 0.03984375 0.1527777777777778
0 0.01796875 0.5833333333333334 0.0328125 0.10555555555555556
