0 0.5317953109741211 0.6704845004611545 0.1948406219482422 0.3798578898111979
0 0.46640625 0.24722222222222223 0.046875 0.21388888888888888
0 0.66796875 0.25277777777777777 0.05 0.20833333333333334
0 0.533203125 0.23819444444444443 0.04453125 0.20972222222222223
0 0.7939321517944335 0.2739688025580512 0.06130179762840271 0.21182649400499132
0 0.3385986328125 0.6409241570366754 0.211572265625 0.32629275851779516
0 0.60078125 0.2423611111111111 0.046875 0.2013888888888889
0 0.2328125 0.26180555555555557 0.0546875 0.2013888888888889
0 0.8418638229370117 0.276309691535102 0.04466514587402344 0.19150827195909287
0 0.2796875 0.2638888888888889 0.0578125 0.22777777777777777
0 0.13828125 0.2791666666666667 0.0546875 0.19444444444444445
0 0.028515625 0.5493055555555556 0.05390625 0.17916666666666667
0 0.059375 0.2638888888888889 0.046875 0.13333333333333333
0 0.025390625 0.34444444444444444 0.04296875 0.11666666666666667
0 0.10234375 0.33055555555555555 0.075 0.1638888888888889
0 0.17734375 0.26944444444444443 0.04375 0.17222222222222222
