0 0.4853982448577881 0.3646605597601997 0.06142148971557617 0.37098778618706596
0 0.6703038215637207 0.2637830522325304 0.04529514312744141 0.21645499335394966
0 0.5342841148376465 0.2422811296251085 0.04044322967529297 0.19845114813910592
0 0.7941535949707031 0.27809944152832033 0.05861968994140625 0.21730999416775174
0 0.8442489624023437 0.27694112989637587 0.0478729248046875 0.1955489264594184
0 0.7309782028198242 0.260965092976888 0.03851890563964844 0.19693018595377604
0 0.055506205558776854 0.4906325446234809 0.10476241111755372 0.2618206448025174
0 0.40772380828857424 0.2522101084391276 0.03888511657714844 0.2183091057671441
0 0.6030020236968994 0.24765427907307944 0.04194154739379883 0.1925307803683811
0 0.0637243628501892 0.2713952382405599 0.04932372570037842 0.12890158759223092
0 0.0640625 0.6972222222222222 0.059375 0.3
0 0.019140625 0.3125 0.03515625 0.13333333333333333
0 0.285546875 0.19166666666666668 0.04921875 0.09166666666666666
0 0.272265625 0.2902777777777778 0.11640625 0.11666666666666667
0 0.25859375 0.375 0.071875 0.15555555555555556
0 0.2265625 0.4576388888888889 0.0875 0.14305555555555555
0 0.134375 0.5027777777777778 0.04375 0.18333333333333332
