0 0.405291748046875 0.2550675921969944 0.04183349609375 0.2240240732828776
0 0.94296875 0.5701388888888889 0.0640625 0.28194444444444444
0 0.16015625 0.3277777777777778 0.0640625 0.23333333333333334
0 0.817578125 0.2951388888888889 0.08515625 0.10972222222222222
0 0.281640625 0.2638888888888889 0.05859375 0.21666666666666667
0 0.11875 0.26319444444444445 0.0609375 0.1763888888888889
0 0.62734375 0.31319444444444444 0.1171875 0.13472222222222222
0 0.3914632797241211 0.8184987386067708 0.2751140594482422 0.23977525499131944
0 0.65078125 0.29444444444444445 0.0765625 0.2
0 0.048046875 0.3277777777777778 0.04609375 0.15
0 0.022265625 0.5923611111111111 0.04296875 0.07916666666666666
0 0.316015625 0.38680555555555557 0.07578125 0.22916666666666666
0 0.24921875 0.7 0.06875 0.21944444444444444
0 0.335546875 0.5881944444444445 0.09609375 0.23194444444444445
0 0.298828125 0.8083333333333333 0.11171875 0.2833333333333333
