0 0.67578125 0.25972222222222224 0.059375 0.21388888888888888
0 0.4397304534912109 0.3168124516805013 0.16071093082427979 0.18918045891655816
0 0.7902374267578125 0.28054271274142795 0.052349853515625 0.23052986992730035
0 0.5359375 0.24513888888888888 0.046875 0.21805555555555556
0 0.870703125 0.7208333333333333 0.21171875 0.3527777777777778
0 0.4058173179626465 0.25201307932535805 0.03975965976715088 0.21791504753960503
0 0.8421461105346679 0.28042293124728734 0.048354721069335936 0.1914014180501302
0 0.151953125 0.29930555555555555 0.11484375 0.17916666666666667
0 0.4680283546447754 0.1710373772515191 0.04543170928955078 0.10596364339192708
0 0.027734375 0.41041666666666665 0.04921875 0.16527777777777777
0 0.02421875 0.5520833333333334 0.0484375 0.14583333333333334
0 0.11328125 0.2638888888888889 0.059375 0.17222222222222222
0 0.28515625 0.2048611111111111 0.0515625 0.11527777777777778
0 0.278515625 0.37222222222222223 0.11015625 0.21666666666666667
