0 0.671484375 0.2625 0.04921875 0.22777777777777777
0 0.607421875 0.24791666666666667 0.05390625 0.20972222222222223
0 0.9010300636291504 0.3732638888888889 0.13018511533737182 0.22152779897054037
0 0.380859375 0.7479166666666667 0.31015625 0.3902777777777778
0 0.334765625 0.5770833333333333 0.09453125 0.21805555555555556
0 0.073828125 0.3347222222222222 0.06953125 0.24722222222222223
0 0.530078125 0.2923611111111111 0.09453125 0.1597222222222222
0 0.262890625 0.3034722222222222 0.09453125 0.20416666666666666
0 0.928515625 0.6131944444444445 0.09140625 0.24305555555555555
0 0.0234375 0.35208333333333336 0.0375 0.11527777777777778
0 0.201171875 0.2861111111111111 0.05390625 0.08333333333333333
0 0.286328125 0.4756944444444444 0.06953125 0.25972222222222224
0 0.808984375 0.28888888888888886 0.08828125 0.11388888888888889
0 0.080859375 0.21736111111111112 0.04140625 0.1125
