0 0.433203125 0.38958333333333334 0.14609375 0.32916666666666666
0 0.926171875 0.5798611111111112 0.09921875 0.25972222222222224
0 0.5938021659851074 0.30253755781385633 0.06885433197021484 0.2022973378499349
0 0.7915361404418946 0.27424594031439886 0.05025978088378906 0.20960299173990884
0 0.466796875 0.21736111111111112 0.04765625 0.1486111111111111
0 0.401171875 0.20416666666666666 0.05390625 0.24722222222222223
0 0.087890625 0.32083333333333336 0.09140625 0.18611111111111112
0 0.70078125 0.31527777777777777 0.0625 0.19722222222222222
0 0.17994406223297119 0.21559622022840713 0.053638124465942384 0.3034146414862739
0 0.6609375 0.30625 0.0765625 0.19027777777777777
0 0.038671875 0.36319444444444443 0.03203125 0.09027777777777778
0 0.22109375 0.5256944444444445 0.0734375 0.2791666666666667
0 0.2953125 0.27361111111111114 0.06875 0.10555555555555556
0 0.096875 0.6805555555555556 0.1171875 0.35555555555555557
