0 0.40660400390625 0.24810640547010634 0.04133302867412567 0.21010169982910157
0 0.944140625 0.5638888888888889 0.06328125 0.29444444444444445
0 0.8444639205932617 0.3451334635416667 0.14830279350280762 0.18748912811279297
0 0.28271234035491943 0.26071465810139977 0.056049680709838866 0.2186515384250217
0 0.610546875 0.3125 0.08515625 0.13055555555555556
0 0.6515625 0.29791666666666666 0.0765625 0.19305555555555556
0 0.05318109393119812 0.3243448257446289 0.06104968786239624 0.15424521764119467
0 0.02109375 0.5930555555555556 0.040625 0.07777777777777778
0 0.09375 0.6006944444444444 0.0328125 0.09861111111111111
0 0.301953125 0.7576388888888889 0.11328125 0.39305555555555555
0 0.2421875 0.6902777777777778 0.05625 0.225
0 0.334765625 0.5930555555555556 0.09140625 0.2361111111111111
0 0.817578125 0.2659722222222222 0.07578125 0.043055555555555555
