0 0.71484375 0.3263888888888889 0.0953125 0.2722222222222222
0 0.617578125 0.2923611111111111 0.09609375 0.17083333333333334
0 0.43203125 0.26944444444444443 0.125 0.30833333333333335
0 0.526953125 0.2965277777777778 0.09140625 0.2263888888888889
0 0.3859375 0.8270833333333333 0.321875 0.30416666666666664
0 0.81484375 0.2916666666666667 0.0875 0.10555555555555556
0 0.045703125 0.3277777777777778 0.04609375 0.1527777777777778
0 0.291015625 0.2548611111111111 0.05859375 0.23194444444444445
0 0.02109375 0.34652777777777777 0.0328125 0.10416666666666667
0 0.022265625 0.5909722222222222 0.04453125 0.08194444444444444
0 0.087109375 0.5958333333333333 0.03984375 0.1
0 0.29921875 0.75 0.1125 0.38333333333333336
0 0.24765625 0.6930555555555555 0.053125 0.23055555555555557
0 0.34296875 0.5881944444444445 0.0796875 0.22916666666666666
