0 0.9243837356567383 0.5820974561903212 0.09564247131347656 0.2586393356323242
0 0.433203125 0.37430555555555556 0.16015625 0.30416666666666664
0 0.789453125 0.26805555555555555 0.05703125 0.21944444444444444
0 0.591796875 0.30069444444444443 0.07109375 0.20416666666666666
0 0.232421875 0.2590277777777778 0.06171875 0.1986111111111111
0 0.537890625 0.7451388888888889 0.12890625 0.3625
0 0.46875 0.21180555555555555 0.04375 0.1486111111111111
0 0.7011960029602051 0.31939631568060983 0.06020449995994568 0.19434818691677516
0 0.11171875 0.2652777777777778 0.059375 0.14444444444444443
0 0.661328125 0.31180555555555556 0.07890625 0.18472222222222223
0 0.1796875 0.2604166666666667 0.05 0.1763888888888889
0 0.0453125 0.3416666666666667 0.04375 0.1388888888888889
0 0.086328125 0.32708333333333334 0.06015625 0.16527777777777777
0 0.080859375 0.6694444444444444 0.06328125 0.125
