0 0.017003676470588234 0.39950980392156865 0.03155637254901961 0.06045751633986928
0 0.07996323529411764 0.40093954248366015 0.0704656862745098 0.0559640522875817
0 0.12760416666666666 0.38235294117647056 0.046875 0.042483660130718956
0 0.1479779411764706 0.36642156862745096 0.011642156862745098 0.0196078431372549
0 0.18841911764705882 0.36294934640522875 0.0196078431372549 0.025735294117647058
0 0.20649509803921567 0.3617238562091503 0.01838235294117647 0.024918300653594773
0 0.23529411764705882 0.3584558823529412 0.011642156862745098 0.023284313725490197
0 0.24632352941176472 0.3541666666666667 0.00980392156862745 0.015522875816993464
0 0.28232230392156865 0.36519607843137253 0.04197303921568627 0.03431372549019608
0 0.27956495098039214 0.3515114379084967 0.007659313725490196 0.00857843137254902
0 0.30974264705882354 0.3568218954248366 0.02696078431372549 0.023284313725490197
0 0.37285539215686275 0.35375816993464054 0.012254901960784314 0.02042483660130719
0 0.40119485294117646 0.3423202614379085 0.007659313725490196 0.007352941176470588
0 0.4102328431372549 0.3545751633986928 0.022058823529411766 0.0196078431372549
0 0.4287683823529412 0.3576388888888889 0.014399509803921568 0.017565359477124183
0 0.43612132352941174 0.3545751633986928 0.018688725490196078 0.021241830065359478
0 0.4803921568627451 0.3519199346405229 0.015931372549019607 0.017565359477124183
0 0.46262254901960786 0.3645833333333333 0.01715686274509804 0.03145424836601307
0 0.4814644607843137 0.37540849673202614 0.04013480392156863 0.04656862745098039
0 0.21614583333333334 0.3997140522875817 0.05238970588235294 0.0559640522875817
0 0.2493872549019608 0.38112745098039214 0.030637254901960783 0.04820261437908497
0 0.31204044117647056 0.3946078431372549 0.027879901960784315 0.05310457516339869
0 0.34880514705882354 0.37540849673202614 0.024816176470588234 0.03349673202614379
0 0.36887254901960786 0.4089052287581699 0.06740196078431372 0.0727124183006536
0 0.41911764705882354 0.3903186274509804 0.058823529411764705 0.05106209150326797
0 0.29381127450980393 0.5243055555555556 0.0741421568627451 0.1875
0 0.26700367647058826 0.48018790849673204 0.0744485294117647 0.13112745098039216
0 0.45266544117647056 0.5069444444444444 0.0744485294117647 0.15604575163398693
0 0.5390625 0.45016339869281047 0.11427696078431372 0.10294117647058823
0 0.5479473039215687 0.3776552287581699 0.03768382352941176 0.0428921568627451
0 0.6361825980392157 0.440359477124183 0.10324754901960784 0.09395424836601307
0 0.6770833333333334 0.41748366013071897 0.07107843137254902 0.06781045751633986
0 0.6034007352941176 0.4750816993464052 0.05545343137254902 0.13970588235294118
0 0.6055453431372549 0.3472222222222222 0.018075980392156864 0.026143790849673203
0 0.5897671568627451 0.3459967320261438 0.012254901960784314 0.00980392156862745
0 0.5795036764705882 0.36376633986928103 0.027879901960784315 0.030637254901960783
0 0.5978860294117647 0.37520424836601307 0.02849264705882353 0.0363562091503268
0 0.6571691176470589 0.3541666666666667 0.028799019607843136 0.0196078431372549
0 0.7527573529411765 0.36703431372549017 0.03125 0.017565359477124183
0 0.7348345588235294 0.3457924836601307 0.01685049019607843 0.01919934640522876
0 0.7251838235294118 0.3654003267973856 0.04963235294117647 0.03799019607843137
0 0.7643995098039216 0.352124183006536 0.028799019607843136 0.02696078431372549
0 0.8057598039215687 0.3560049019607843 0.041666666666666664 0.03145424836601307
0 0.8048406862745098 0.36356209150326796 0.03002450980392157 0.05473856209150327
0 0.8472732843137255 0.4152369281045752 0.08302696078431372 0.09191176470588236
0 0.9162071078431373 0.5124591503267973 0.0744485294117647 0.17034313725490197
0 0.9064031862745098 0.35437091503267976 0.02297794117647059 0.04370915032679738
0 0.8935355392156863 0.3533496732026144 0.027879901960784315 0.04003267973856209
0 0.8723958333333334 0.3588643790849673 0.046875 0.0363562091503268
0 0.8708639705882353 0.35804738562091504 0.01991421568627451 0.05106209150326797
0 0.9791666666666666 0.3727532679738562 0.03431372549019608 0.05841503267973856
