0 0.4950887680053711 0.561336178249783 0.12142752408981324 0.4087834676106771
0 0.605078125 0.24513888888888888 0.05078125 0.2013888888888889
0 0.667578125 0.25972222222222224 0.04765625 0.2222222222222222
0 0.401953125 0.24166666666666667 0.05390625 0.20277777777777778
0 0.7917035102844239 0.2769034703572591 0.05684452056884766 0.22325138515896267
0 0.532421875 0.2423611111111111 0.04296875 0.20972222222222223
0 0.27421875 0.3104166666666667 0.125 0.18194444444444444
0 0.20703125 0.5166666666666667 0.071875 0.2611111111111111
0 0.3398697853088379 0.5644749111599392 0.08755207061767578 0.19561648898654513
0 0.11953125 0.5541666666666667 0.0875 0.19722222222222222
0 0.084375 0.2826388888888889 0.0640625 0.16527777777777777
0 0.0234375 0.35625 0.0359375 0.10694444444444444
0 0.287109375 0.47708333333333336 0.07578125 0.27361111111111114
0 0.827734375 0.3 0.06328125 0.08888888888888889
