0 0.4380615711212158 0.2608408610026042 0.11049814224243164 0.32168172200520834
0 0.7691744804382324 0.5155157301161024 0.1899114727973938 0.3004759046766493
0 0.6190519332885742 0.2906035953097873 0.10060386657714844 0.16731829113430446
0 0.05078125 0.34375 0.04375 0.1125
0 0.8422173500061035 0.34364454481336804 0.15943470001220703 0.16506688859727647
0 0.38359375 0.8208333333333333 0.321875 0.2861111111111111
0 0.8798946380615235 0.6570106930202908 0.07541427612304688 0.15846583048502605
0 0.34375 0.5756944444444444 0.08125 0.1986111111111111
0 0.025 0.5930555555555556 0.046875 0.08611111111111111
0 0.02265625 0.35 0.0265625 0.10555555555555556
0 0.289453125 0.25416666666666665 0.05390625 0.21388888888888888
0 0.0875 0.6055555555555555 0.040625 0.10277777777777777
0 0.299609375 0.7486111111111111 0.11171875 0.40555555555555556
0 0.2484375 0.6965277777777777 0.0546875 0.2125
