0 0.7963854789733886 0.28244654337565106 0.05683345794677734 0.22322642008463542
0 0.46796875 0.2465277777777778 0.04375 0.20972222222222223
0 0.607421875 0.2465277777777778 0.05546875 0.2013888888888889
0 0.66875 0.25833333333333336 0.046875 0.21666666666666667
0 0.734375 0.2638888888888889 0.05 0.20555555555555555
0 0.5359375 0.22569444444444445 0.0421875 0.1736111111111111
0 0.8456655502319336 0.28122940063476565 0.050706100463867185 0.20412546793619793
0 0.1427069664001465 0.2769756740993924 0.07135143876075745 0.20395134819878472
0 0.6171875 0.45069444444444445 0.2109375 0.29305555555555557
0 0.283984375 0.2013888888888889 0.03828125 0.08611111111111111
0 0.23328351974487305 0.20990117390950522 0.04156703948974609 0.10035790337456597
0 0.10859375 0.25972222222222224 0.0625 0.17222222222222222
0 0.260546875 0.325 0.09765625 0.18055555555555555
