0 0.5157723426818848 0.45063434176974826 0.09248218536376954 0.30404650370279945
0 0.8394998550415039 0.27952806684705944 0.05868721008300781 0.2007228003607856
0 0.361328125 0.6604166666666667 0.26953125 0.2569444444444444
0 0.40416746139526366 0.2503143522474501 0.04270991981029511 0.2089620378282335
0 0.53828125 0.22708333333333333 0.0421875 0.17916666666666667
0 0.67109375 0.25972222222222224 0.0484375 0.21944444444444444
0 0.6 0.24722222222222223 0.04375 0.20555555555555555
0 0.2359375 0.24375 0.05625 0.24027777777777778
0 0.726953125 0.25972222222222224 0.04140625 0.20277777777777778
0 0.11474299430847168 0.258357662624783 0.05917349457740784 0.19449310302734374
0 0.2859652042388916 0.21377777523464628 0.0469304084777832 0.11366666158040364
0 0.18624051809310913 0.2609754350450304 0.0365435391664505 0.18306198120117187
0 0.053125 0.3333333333333333 0.05 0.11666666666666667
0 0.0234375 0.3472222222222222 0.0296875 0.1
0 0.292578125 0.35138888888888886 0.12421875 0.225
