0 0.429296875 0.3909722222222222 0.15859375 0.3236111111111111
0 0.367578125 0.6798611111111111 0.28359375 0.2902777777777778
0 0.9271941184997559 0.5813482496473524 0.09657573103904724 0.2599187427096897
0 0.788671875 0.27291666666666664 0.05390625 0.2152777777777778
0 0.2300107002258301 0.28544587029351126 0.07720890045166015 0.2570028516981337
0 0.5926642417907715 0.30398970709906686 0.06970348954200745 0.20242385864257811
0 0.46953125 0.2125 0.0484375 0.14444444444444443
0 0.109375 0.2673611111111111 0.059375 0.16527777777777777
0 0.701528263092041 0.32094463772243925 0.06243152618408203 0.17800038655598957
0 0.04609375 0.3347222222222222 0.046875 0.14444444444444443
0 0.18046875 0.26875 0.0484375 0.1763888888888889
0 0.660546875 0.31180555555555556 0.07734375 0.17916666666666667
