0 0.3975 0.9866666666666667 0.039 0.02666666666666667
0 0.3465 0.862 0.015 0.044
0 0.273 0.822 0.024 0.03333333333333333
0 0.1465 0.666 0.027 0.017333333333333333
0 0.549 0.6333333333333333 0.042 0.037333333333333336
0 0.497 0.592 0.046 0.029333333333333333
0 0.503 0.5746666666666667 0.012 0.013333333333333334
0 0.2395 0.58 0.013 0.024
0 0.87 0.5833333333333334 0.018 0.03866666666666667
0 0.359 0.5653333333333334 0.03 0.018666666666666668
0 0.7335 0.562 0.043 0.03866666666666667
0 0.184 0.53 0.024 0.03866666666666667
0 0.1635 0.446 0.017 0.028
0 0.913 0.43066666666666664 0.02 0.024
0 0.8275 0.44866666666666666 0.035 0.06
0 0.963 0.41933333333333334 0.022 0.017333333333333333
0 0.9245 0.38533333333333336 0.037 0.037333333333333336
0 0.8855 0.2966666666666667 0.013 0.03866666666666667
0 0.8725 0.23133333333333334 0.011 0.03333333333333333
0 0.8065 0.13066666666666665 0.031 0.04
