0 0.8475 0.8553333333333333 0.035 0.04666666666666667
0 0.776 0.7466666666666667 0.02 0.04
0 0.6935 0.7206666666666667 0.025 0.03333333333333333
0 0.5555 0.6006666666666667 0.023 0.02
0 0.6 0.5006666666666667 0.026 0.025333333333333333
0 0.5495 0.4686666666666667 0.023 0.03333333333333333
0 0.728 0.43666666666666665 0.03 0.028
0 0.921 0.444 0.036 0.050666666666666665
0 0.908 0.392 0.05 0.02666666666666667
0 0.514 0.38133333333333336 0.016 0.034666666666666665
0 0.817 0.36 0.022 0.042666666666666665
