0 0.7856770833333333 0.6550925925925926 0.0234375 0.017592592592592594
0 0.7880208333333333 0.9782407407407407 0.016666666666666666 0.04351851851851852
0 0.7809895833333333 0.45185185185185184 0.0171875 0.012962962962962963
0 0.89765625 0.9898148148148148 0.016145833333333335 0.018518518518518517
0 0.3875 0.23055555555555557 0.023958333333333335 0.03518518518518519
0 0.48489583333333336 0.009722222222222222 0.016666666666666666 0.019444444444444445
0 0.846875 0.45694444444444443 0.023958333333333335 0.021296296296296296
0 0.9208333333333333 0.4310185185185185 0.023958333333333335 0.03796296296296296
0 0.76171875 0.6708333333333333 0.028645833333333332 0.023148148148148147
0 0.28020833333333334 0.2439814814814815 0.019791666666666666 0.04351851851851852
0 0.7598958333333333 0.5833333333333334 0.022916666666666665 0.024074074074074074
0 0.6385416666666667 0.24351851851851852 0.026041666666666668 0.024074074074074074
0 0.65078125 0.044444430315936055 0.021354166666666667 0.025925897668909143
0 0.8260416666666667 0.5462962962962963 0.0125 0.04259259259259259
