0 0.9325 0.982 0.033 0.036
0 0.4545 0.8986666666666666 0.023 0.02666666666666667
0 0.837 0.9046666666666666 0.026 0.05733333333333333
0 0.8055 0.804 0.047 0.037333333333333336
0 0.221 0.7966666666666666 0.038 0.030666666666666665
0 0.533 0.6573333333333333 0.018 0.04533333333333334
0 0.666 0.6313333333333333 0.04 0.04666666666666667
0 0.618 0.462 0.03 0.04666666666666667
0 0.162 0.45 0.04 0.052
0 0.393 0.414 0.05 0.04666666666666667
0 0.7085 0.354 0.035 0.05733333333333333
0 0.4905 0.30133333333333334 0.053 0.02666666666666667
