0 0.409375 0.7513888888888889 0.041666666666666664 0.09722222222222222
0 0.26536458333333335 0.47129629629629627 0.016145833333333335 0.011111111111111112
0 0.5361979166666667 0.6277777777777778 0.059895833333333336 0.07962962962962963
0 0.5950520833333334 0.625 0.07447916666666667 0.07407407407407407
0 0.37890625 0.45185185185185184 0.022395833333333334 0.024074074074074074
0 0.7729166666666667 0.5611111111111111 0.051041666666666666 0.07407407407407407
0 0.32864583333333336 0.7476851851851852 0.040625 0.13425925925925927
0 0.3533854166666667 0.6421296296296296 0.059895833333333336 0.08611111111111111
0 0.2716145833333333 0.7652777777777777 0.0671875 0.16574074074074074
0 0.3614583333333333 0.46064814814814814 0.0125 0.010185185185185186
0 0.43307291666666664 0.45 0.0109375 0.011111111111111112
0 0.4505208333333333 0.44027777777777777 0.01875 0.019444444444444445
0 0.4661458333333333 0.4351851851851852 0.014583333333333334 0.020370370370370372
0 0.36953125 0.7037037037037037 0.0546875 0.11481481481481481
0 0.8348958333333333 0.5541666666666667 0.03854166666666667 0.062037037037037036
0 0.32057291666666665 0.6912037037037037 0.0203125 0.058333333333333334
