0 0.4865 0.978 0.051 0.02266666666666667
0 0.1685 0.88 0.013 0.032
0 0.176 0.868 0.016 0.032
0 0.8865 0.8526666666666667 0.025 0.06
0 0.455 0.824 0.024 0.024
0 0.2445 0.8246666666666667 0.023 0.025333333333333333
0 0.445 0.8026666666666666 0.02 0.021333333333333333
0 0.715 0.798 0.014 0.036
0 0.32 0.766 0.024 0.02
0 0.5415 0.7633333333333333 0.039 0.04666666666666667
0 0.755 0.7406666666666667 0.042 0.025333333333333333
0 0.6565 0.7433333333333333 0.025 0.03866666666666667
0 0.3015 0.734 0.041 0.052
0 0.799 0.6933333333333334 0.032 0.06666666666666667
0 0.5285 0.656 0.017 0.032
0 0.525 0.6246666666666667 0.028 0.030666666666666665
0 0.367 0.6293333333333333 0.03 0.048
0 0.64 0.514 0.012 0.02
0 0.657 0.446 0.018 0.030666666666666665
0 0.8605 0.4186666666666667 0.033 0.064
0 0.6655 0.326 0.033 0.05466666666666667
0 0.601 0.23533333333333334 0.022 0.02266666666666667
0 0.1205 0.17933333333333334 0.021 0.02266666666666667
0 0.124 0.16 0.038 0.034666666666666665
0 0.823 0.16333333333333333 0.034 0.06266666666666666
0 0.6765 0.154 0.043 0.05466666666666667
0 0.929 0.14533333333333334 0.044 0.05333333333333334
0 0.589 0.10733333333333334 0.04 0.04933333333333333
0 0.667 0.03 0.052 0.025333333333333333
0 0.0995 0.005333333333333333 0.043 0.010666666666666666
