0 0.051302055517832436 0.5703704833984375 0.0953124443689982 0.17407425774468316
0 0.12578125 0.06574073367648654 0.015104166666666667 0.01851850085788303
0 0.01015625 0.04953703703703704 0.0203125 0.028703703703703703
0 0.019270817438761394 0.1574074074074074 0.03437496821085612 0.05370369310732241
0 0.48697919845581056 0.4791666666666667 0.09583338896433512 0.10833333333333334
0 0.025520833333333333 0.053703703703703705 0.0125 0.014814814814814815
0 0.10520833333333333 0.03287037037037037 0.016666666666666666 0.010185185185185186
0 0.16848958333333333 0.019444444444444445 0.009895833333333333 0.005555555555555556
0 0.21848958333333332 0.03796296296296296 0.018229166666666668 0.014814814814814815
0 0.23880208333333333 0.02175925925925926 0.0265625 0.032407407407407406
0 0.27578125 0.009259259259259259 0.011979166666666667 0.016666666666666666
0 0.3145833333333333 0.020833333333333332 0.015625 0.01574074074074074
0 0.45416666666666666 0.05462962962962963 0.023958333333333335 0.03518518518518519
0 0.73046875 0.12731481481481483 0.044270833333333336 0.06759259259259259
0 0.7502604166666667 0.12314814814814815 0.019270833333333334 0.06666666666666667
0 0.7815104166666667 0.1050925925925926 0.024479166666666666 0.03611111111111111
0 0.8135416666666667 0.07453703703703704 0.028125 0.05092592592592592
0 0.8361979166666667 0.058333333333333334 0.011979166666666667 0.027777777777777776
0 0.87734375 0.03009259259259259 0.0171875 0.04351851851851852
0 0.9390625 0.012962962962962963 0.019791666666666666 0.024074074074074074
0 0.7825520833333334 0.011111111111111112 0.011979166666666667 0.020370370370370372
0 0.80078125 0.010185185185185186 0.011979166666666667 0.016666666666666666
0 0.005729166666666666 0.06944444444444445 0.010416666666666666 0.014814814814814815
