0 0.862 0.9913333333333333 0.024 0.017333333333333333
0 0.9755 0.7993333333333333 0.049 0.028
0 0.7595 0.8066666666666666 0.035 0.048
0 0.9245 0.7746666666666666 0.017 0.024
0 0.985 0.7466666666666667 0.022 0.021333333333333333
0 0.8205 0.7406666666666667 0.019 0.036
0 0.8355 0.6333333333333333 0.043 0.048
0 0.871 0.6006666666666667 0.022 0.052
0 0.9135 0.5766666666666667 0.029 0.028
0 0.759 0.5673333333333334 0.036 0.05466666666666667
0 0.951 0.5346666666666666 0.014 0.029333333333333333
0 0.9595 0.49933333333333335 0.023 0.02
