0 0.8605 0.9686666666666667 0.017 0.012
0 0.879 0.9693333333333334 0.026 0.029333333333333333
0 0.8635 0.9526666666666667 0.045 0.02266666666666667
0 0.531 0.908 0.044 0.02666666666666667
0 0.5565 0.8986666666666666 0.011 0.032
0 0.9355 0.8993333333333333 0.017 0.03866666666666667
0 0.3665 0.8946666666666667 0.019 0.032
0 0.7245 0.9026666666666666 0.033 0.050666666666666665
0 0.6005 0.8533333333333334 0.011 0.02666666666666667
0 0.5645 0.828 0.017 0.024
0 0.4505 0.7166666666666667 0.043 0.03866666666666667
0 0.988 0.6913333333333334 0.018 0.03866666666666667
0 0.983 0.616 0.026 0.06933333333333333
0 0.864 0.446 0.022 0.030666666666666665
0 0.2965 0.298 0.025 0.052
0 0.8965 0.25933333333333336 0.025 0.02
0 0.8415 0.23066666666666666 0.039 0.021333333333333333
0 0.281 0.104 0.018 0.021333333333333333
0 0.667 0.09666666666666666 0.028 0.052
0 0.9955 0.078 0.009 0.06266666666666666
0 0.9735 0.046 0.015 0.03333333333333333
0 0.662 0.06866666666666667 0.03 0.017333333333333333
