0 0.32447916666666665 0.18518518518518517 0.01875 0.037037037037037035
0 0.8083333333333333 0.46574074074074073 0.014583333333333334 0.014814814814814815
0 0.6841145833333333 0.23564814814814813 0.0234375 0.028703703703703703
0 0.7677083333333333 0.6754629629629629 0.027083333333333334 0.023148148148148147
0 0.434375 0.17962962962962964 0.022916666666666665 0.03518518518518519
0 0.9427083333333334 0.46620370370370373 0.022916666666666665 0.03981481481481482
0 0.7057291666666666 0.04675925925925926 0.021875 0.025
0 0.76796875 0.5925925925925926 0.024479166666666666 0.025925925925925925
0 0.8653645833333333 0.4787037037037037 0.0234375 0.014814814814814815
0 0.79453125 0.6611111111111111 0.0265625 0.016666666666666666
0 0.7802083333333333 0.9939814814814815 0.007291666666666667 0.010185185185185186
