0 0.41510416666666666 0.4388888888888889 0.04479166666666667 0.09444444444444444
0 0.35885416666666664 0.4060185185185185 0.046875 0.14537037037037037
0 0.40208333333333335 0.34444444444444444 0.08125 0.07037037037037037
0 0.4830729166666667 0.0375 0.015104166666666667 0.030555555555555555
0 0.45859375 0.03287037037037037 0.0109375 0.023148148148148147
0 0.45416666666666666 0.04953703703703704 0.008333333333333333 0.013888888888888888
0 0.4705729166666667 0.03425925925925926 0.013020833333333334 0.022222222222222223
0 0.5940104166666667 0.020833333333333332 0.0171875 0.012037037037037037
0 0.6794270833333333 0.05092592592592592 0.008854166666666666 0.011111111111111112
0 0.80234375 0.2162037037037037 0.024479166666666666 0.03611111111111111
0 0.7317708333333334 0.06805555555555555 0.016666666666666666 0.017592592592592594
0 0.9385416666666667 0.08472222222222223 0.021875 0.032407407407407406
0 0.9192708333333334 0.08611111111111111 0.019791666666666666 0.025925925925925925
0 0.95625 0.09305555555555556 0.015625 0.013888888888888888
0 0.48203125 0.02546296296296296 0.011979166666666667 0.010185185185185186
