0 0.2395 0.9866666666666667 0.017 0.02666666666666667
0 0.7255 0.9693333333333334 0.019 0.06133333333333333
0 0.218 0.814 0.018 0.02
0 0.446 0.7793333333333333 0.026 0.014666666666666666
0 0.1485 0.7786666666666666 0.013 0.034666666666666665
0 0.4365 0.7593333333333333 0.021 0.02266666666666667
0 0.3395 0.7486666666666667 0.031 0.04133333333333333
0 0.3385 0.7173333333333334 0.027 0.016
0 0.5045 0.7113333333333334 0.047 0.036
0 0.023 0.6513333333333333 0.018 0.028
0 0.1645 0.5406666666666666 0.037 0.03866666666666667
