0 0.13020833333333334 0.06898148148148148 0.015625 0.021296296296296296
0 0.0078125 0.058333333333333334 0.014583333333333334 0.02962962962962963
0 0.2 0.044444444444444446 0.027083333333333334 0.02962962962962963
0 0.012760416666666666 0.15648148148148147 0.025520833333333333 0.06111111111111111
0 0.4447915077209473 0.45509250782154226 0.10624969005584717 0.1064812978108724
0 0.0234375 0.06296296296296296 0.016666666666666666 0.018518518518518517
0 0.10572916666666667 0.03888888888888889 0.0125 0.012962962962962963
0 0.1640625 0.027777777777777776 0.008333333333333333 0.007407407407407408
0 0.26901041666666664 0.012962962962962963 0.011979166666666667 0.018518518518518517
0 0.30885416666666665 0.025925925925925925 0.011458333333333333 0.016666666666666666
0 0.4479166666666667 0.05787037037037037 0.026041666666666668 0.03425925925925926
0 0.6997395833333333 0.12546296296296297 0.044270833333333336 0.05092592592592592
0 0.7322916666666667 0.1162037037037037 0.030208333333333334 0.05648148148148148
0 0.7575520833333333 0.10138888888888889 0.0171875 0.041666666666666664
0 0.7783854166666667 0.08518518518518518 0.011979166666666667 0.03333333333333333
0 0.7973958333333333 0.06851851851851852 0.025 0.053703703703703705
0 0.8161458333333333 0.058333333333333334 0.0125 0.02962962962962963
0 0.8348958333333333 0.04490740740740741 0.016666666666666666 0.03796296296296296
0 0.0049479166666666664 0.07268518518518519 0.009895833333333333 0.026851851851851852
0 0.7708333333333334 0.0125 0.007291666666666667 0.019444444444444445
0 0.7895833333333333 0.008796296296296297 0.009375 0.012037037037037037
0 0.9296875 0.013425925925925926 0.01875 0.017592592592592594
