0 0.8475 0.8646666666666667 0.011 0.036
0 0.8035 0.814 0.041 0.04666666666666667
0 0.8315 0.7766666666666666 0.011 0.030666666666666665
0 0.814 0.7186666666666667 0.038 0.021333333333333333
0 0.986 0.5313333333333333 0.022 0.02
0 0.9705 0.518 0.013 0.03333333333333333
0 0.76 0.24 0.02 0.021333333333333333
0 0.8255 0.22933333333333333 0.031 0.048
0 0.814 0.21 0.01 0.02266666666666667
0 0.764 0.20733333333333334 0.012 0.017333333333333333
0 0.3465 0.19733333333333333 0.023 0.016
0 0.3855 0.2 0.021 0.032
0 0.281 0.136 0.028 0.02666666666666667
