0 0.07369791666666667 0.20972222222222223 0.0515625 0.049074074074074076
0 0.045572916666666664 0.09768518518518518 0.0109375 0.023148148148148147
0 0.040625 0.10648148148148148 0.0125 0.012962962962962963
0 0.23463541666666668 0.1337962962962963 0.030729166666666665 0.03611111111111111
0 0.49322916666666666 0.17546296296296296 0.036458333333333336 0.05648148148148148
0 0.52421875 0.16296296296296298 0.0140625 0.06111111111111111
0 0.5473958333333333 0.1175925925925926 0.011458333333333333 0.02962962962962963
0 0.5682291666666667 0.075 0.014583333333333334 0.040740740740740744
0 0.5854166666666667 0.06574074074074074 0.011458333333333333 0.03148148148148148
0 0.34791666666666665 0.075 0.029166666666666667 0.024074074074074074
0 0.5809895833333333 0.10277777777777777 0.024479166666666666 0.04814814814814815
0 0.5526041666666667 0.025925925925925925 0.013541666666666667 0.024074074074074074
