0 0.31276041666666665 0.3560185185185185 0.02968746821085612 0.052777795438413266
0 0.5916666666666667 0.06527777777777778 0.011458333333333333 0.017592592592592594
0 0.49375 0.030555555555555555 0.015625 0.018518518518518517
0 0.5065104166666666 0.06296296296296296 0.0265625 0.02962962962962963
0 0.6364583333333333 0.043055555555555555 0.022916666666666665 0.021296296296296296
0 0.4203125 0.05462962962962963 0.014583333333333334 0.016666666666666666
0 0.010677083333333334 0.25277777777777777 0.0203125 0.05740740740740741
0 0.52109375 0.05555555555555555 0.027604166666666666 0.02962962962962963
0 0.6401041666666667 0.07037037037037037 0.020833333333333332 0.024074074074074074
0 0.4473958333333333 0.05138888888888889 0.029166666666666667 0.028703703703703703
0 0.27421875 0.038425925925925926 0.015104166666666667 0.017592592592592594
0 0.5541666666666667 0.1162037037037037 0.019791666666666666 0.021296296296296296
0 0.12057291666666667 0.23564814814814813 0.034895833333333334 0.05277777777777778
0 0.3809895833333333 0.05277777777777778 0.0171875 0.018518518518518517
0 0.23880208333333333 0.038425925925925926 0.030729166666666665 0.032407407407407406
0 0.3322916984558105 0.2777777777777778 0.052083384990692136 0.07037039862738716
0 0.054427083333333334 0.07916666666666666 0.022395833333333334 0.026851851851851852
0 0.10911458333333333 0.08148148148148149 0.024479166666666666 0.025925925925925925
0 0.140625 0.06527777777777778 0.036458333333333336 0.04722222222222222
0 0.30572916666666666 0.038425925925925926 0.025 0.025
0 0.5833333333333334 0.10833333333333334 0.036458333333333336 0.037037037037037035
0 0.6174479166666667 0.49027777777777776 0.07552083333333333 0.11018518518518519
0 0.6776041666666667 0.3907407407407407 0.071875 0.11296296296296296
0 0.24427083333333333 0.04537037037037037 0.016666666666666666 0.022222222222222223
0 0.25416666666666665 0.043055555555555555 0.011458333333333333 0.017592592592592594
0 0.4239583333333333 0.02962962962962963 0.0125 0.014814814814814815
0 0.48333333333333334 0.07268518518518519 0.014583333333333334 0.017592592592592594
0 0.5979166666666667 0.04722222222222222 0.013541666666666667 0.018518518518518517
0 0.62265625 0.052314814814814814 0.016145833333333335 0.01574074074074074
0 0.6252604166666667 0.07407407407407407 0.0140625 0.012962962962962963
0 0.64765625 0.04861111111111111 0.0078125 0.010185185185185186
0 0.7549479166666667 0.04490740740740741 0.0140625 0.008333333333333333
0 0.85390625 0.05694444444444444 0.0109375 0.01574074074074074
0 0.8869791666666667 0.07222222222222222 0.009375 0.016666666666666666
0 0.428125 0.052314814814814814 0.009375 0.017592592592592594
