0 0.0415 0.986 0.027 0.028
0 0.0875 0.9713333333333334 0.029 0.025333333333333333
0 0.988 0.9333333333333333 0.024 0.029333333333333333
0 0.9735 0.8753333333333333 0.029 0.028
0 0.854 0.7406666666666667 0.016 0.03866666666666667
0 0.8905 0.6713333333333333 0.045 0.04133333333333333
0 0.8835 0.5173333333333333 0.051 0.02666666666666667
0 0.2315 0.372 0.011 0.032
0 0.2545 0.36133333333333334 0.039 0.048
0 0.917 0.27466666666666667 0.036 0.029333333333333333
0 0.2405 0.26866666666666666 0.027 0.030666666666666665
0 0.906 0.13933333333333334 0.028 0.017333333333333333
0 0.8655 0.09533333333333334 0.021 0.03333333333333333
