0 0.20989583333333334 0.010648148148148148 0.009375 0.021296296296296296
0 0.10494791666666667 0.10601851851851851 0.025520833333333333 0.04537037037037037
0 0.21302083333333333 0.09907407407407408 0.013541666666666667 0.018518518518518517
0 0.6536458333333334 0.08101851851851852 0.020833333333333332 0.06018518518518518
0 0.18984375 0.02962962962962963 0.024479166666666666 0.03333333333333333
0 0.7380208333333333 0.10231481481481482 0.0125 0.05648148148148148
0 0.57578125 0.4083333333333333 0.0234375 0.07777777777777778
0 0.41875 0.1287037037037037 0.022916666666666665 0.040740740740740744
0 0.5067708333333333 0.24074074074074073 0.03125 0.05
0 0.12604166666666666 0.05277777777777778 0.011458333333333333 0.024074074074074074
0 0.10286458333333333 0.04537037037037037 0.0109375 0.018518518518518517
0 0.18203125 0.00787037037037037 0.019270833333333334 0.013888888888888888
