0 0.35130208333333335 0.6680555555555555 0.034895833333333334 0.049074074074074076
0 0.42265625 0.44814814814814813 0.0234375 0.018518518518518517
0 0.7263020833333333 0.5953703703703703 0.0515625 0.07592592592592592
0 0.3692708333333333 0.712037037037037 0.058333333333333334 0.1111111111111111
0 0.32447916666666665 0.7638888888888888 0.04791666666666667 0.1814814814814815
0 0.35703125 0.8046296296296296 0.0609375 0.07962962962962963
0 0.5841145833333333 0.6259259259259259 0.06510416666666667 0.08148148148148149
0 0.42213541666666665 0.687037037037037 0.016145833333333335 0.03333333333333333
0 0.4734375 0.43333333333333335 0.021875 0.024074074074074074
0 0.4583333333333333 0.4444444444444444 0.011458333333333333 0.012962962962962963
0 0.75 0.5884259259259259 0.04791666666666667 0.0712962962962963
0 0.9348958333333334 0.5421296296296296 0.0375 0.05648148148148148
0 0.34322916666666664 0.4625 0.011458333333333333 0.008333333333333333
0 0.39348958333333334 0.45555555555555555 0.011979166666666667 0.007407407407407408
