0 0.409375 0.037037037037037035 0.0125 0.014814814814814815
0 0.28125 0.061574052881311486 0.011458364129066468 0.01574069482308847
0 0.39427083333333335 0.08611111111111111 0.014583333333333334 0.016666666666666666
0 0.4466145833333333 0.028703703703703703 0.019270833333333334 0.018518518518518517
0 0.013541682561238607 0.06435186598036025 0.027083365122477214 0.03425929458053024
0 0.03203125 0.06666665253815827 0.018229166666666668 0.025925897668909143
0 0.22682291666666668 0.062037037037037036 0.0171875 0.016666666666666666
0 0.41458333333333336 0.0763888888888889 0.028125 0.03425925925925926
0 0.24374998410542806 0.05787039156313296 0.01874996821085612 0.026851897769504123
0 0.31588541666666664 0.052314814814814814 0.021354166666666667 0.023148148148148147
0 0.06979166666666667 0.06666664547390408 0.029166666666666667 0.029629592542295104
0 0.33932291666666664 0.05694444444444444 0.0234375 0.023148148148148147
0 0.5153645833333333 0.24675925925925926 0.0203125 0.06574074074074074
0 0.48541666666666666 0.24212962962962964 0.041666666666666664 0.075
0 0.00625 0.0912037037037037 0.011458333333333333 0.03981481481481482
0 0.26875 0.05740740740740741 0.011458333333333333 0.014814814814814815
0 0.2520833333333333 0.03935185185185185 0.010416666666666666 0.012037037037037037
0 0.3151041666666667 0.03518518518518519 0.008333333333333333 0.016666666666666666
0 0.41041666666666665 0.05324074074074074 0.008333333333333333 0.010185185185185186
0 0.43020833333333336 0.0587962962962963 0.010416666666666666 0.01574074074074074
0 0.43072916666666666 0.03888888888888889 0.014583333333333334 0.014814814814814815
0 0.4484375 0.04814814814814815 0.0125 0.024074074074074074
0 0.5984375 0.02175925925925926 0.007291666666666667 0.012037037037037037
0 0.6197916666666666 0.028703703703703703 0.005208333333333333 0.009259259259259259
0 0.70078125 0.06481481481481481 0.0140625 0.025925925925925925
0 0.2520833333333333 0.060648148148148145 0.0125 0.017592592592592594
0 0.44036458333333334 0.03657407407407407 0.0046875 0.008333333333333333
