0 0.5315104166666667 0.06435185185185185 0.027604166666666666 0.023148148148148147
0 0.19583333333333333 0.28055555555555556 0.028125 0.044444444444444446
0 0.49765625 0.06805555555555555 0.0140625 0.021296296296296296
0 0.6174479166666667 0.04861111111111111 0.013020833333333334 0.019444444444444445
0 0.6552083333333333 0.04259259259259259 0.022916666666666665 0.022222222222222223
0 0.29244791666666664 0.03842590473316334 0.013020864129066468 0.01574069482308847
0 0.2791666666666667 0.04398148148148148 0.014583333333333334 0.021296296296296296
0 0.44036458333333334 0.05648148148148148 0.018229166666666668 0.016666666666666666
0 0.46067708333333335 0.05092592592592592 0.027604166666666666 0.02962962962962963
0 0.40859375 0.05416666666666667 0.016145833333333335 0.017592592592592594
0 0.01328125 0.25092592592592594 0.024479166666666666 0.07037037037037037
0 0.2546875 0.04027777777777778 0.030208333333333334 0.026851851851851852
0 0.06145833333333333 0.22870370370370371 0.03333333333333333 0.04259259259259259
0 0.5838541666666667 0.1125 0.020833333333333332 0.023148148148148147
0 0.6614583333333334 0.06759259259259259 0.015625 0.02962962962962963
0 0.32317708333333334 0.039814800686306426 0.02343746821085612 0.025925897668909143
0 0.08385415077209472 0.08333334039758752 0.01874996821085612 0.02777779543841327
0 0.06067708333333333 0.09074072661223236 0.021354166666666667 0.025925897668909143
0 0.73359375 0.3625 0.06510416666666667 0.09351851851851851
0 0.7229166666666667 0.4356481481481482 0.08645833333333333 0.12129629629629629
0 0.6114583333333333 0.10648148148148148 0.035416666666666666 0.03518518518518519
0 0.23671875 0.22962962962962963 0.0640625 0.06481481481481481
0 0.1765625 0.06666666666666667 0.034375 0.044444444444444446
0 0.26197916666666665 0.04675925925925926 0.015625 0.017592592592592594
0 0.5145833333333333 0.03287037037037037 0.015625 0.021296296296296296
0 0.44583333333333336 0.030555555555555555 0.011458333333333333 0.014814814814814815
0 0.5268229166666667 0.05462962962962963 0.0265625 0.022222222222222223
0 0.64296875 0.052314814814814814 0.0171875 0.017592592592592594
0 0.6138020833333333 0.06481481481481481 0.013020833333333334 0.020370370370370372
0 0.6463541666666667 0.07407407407407407 0.0125 0.016666666666666666
0 0.8721354166666667 0.05787037037037037 0.0109375 0.013888888888888888
0 0.9057291666666667 0.07361111111111111 0.009375 0.019444444444444445
0 0.6661458333333333 0.047685185185185185 0.008333333333333333 0.013888888888888888
