0 0.6244791666666667 0.11574074074074074 0.010416666666666666 0.03333333333333333
0 0.6231770833333333 0.06851851851851852 0.013020833333333334 0.022222222222222223
0 0.7013020833333333 0.05694444444444444 0.022395833333333334 0.032407407407407406
0 0.5973958333333333 0.18611111111111112 0.03125 0.037037037037037035
0 0.7520833333333333 0.19490740740740742 0.03958333333333333 0.03981481481481482
0 0.8111979166666666 0.19305555555555556 0.044270833333333336 0.03425925925925926
0 0.4979166666666667 0.08981481481481482 0.023958333333333335 0.040740740740740744
0 0.5192708333333333 0.13240740740740742 0.0125 0.025925925925925925
0 0.5854166666666667 0.07916666666666666 0.013541666666666667 0.01574074074074074
0 0.671875 0.06157407407407407 0.011458333333333333 0.010185185185185186
0 0.59609375 0.1 0.0203125 0.03333333333333333
0 0.5473958333333333 0.12361111111111112 0.01875 0.03425925925925926
0 0.6002604166666666 0.13333333333333333 0.030729166666666665 0.025925925925925925
