0 0.0046875 0.0375 0.009375 0.028703703703703703
0 0.01328125 0.14166666666666666 0.025520833333333333 0.040740740740740744
0 0.1622395674387614 0.037037051165545426 0.02031246821085612 0.01666669492368345
0 0.22369790077209473 0.014814800686306424 0.017187468210856118 0.025925897668909143
0 0.41822916666666665 0.4583333333333333 0.09166666666666666 0.14074074074074075
0 0.34375 0.3314814814814815 0.07708333333333334 0.13148148148148148
0 0.013541666666666667 0.040740740740740744 0.015625 0.016666666666666666
0 0.0953125 0.017592592592592594 0.0125 0.012962962962962963
0 0.22604166666666667 0.020833333333333332 0.0125 0.013888888888888888
0 0.4434895833333333 0.04351851851851852 0.0234375 0.03333333333333333
0 0.7325520833333333 0.12222222222222222 0.044270833333333336 0.05185185185185185
0 0.775 0.09166666666666666 0.030208333333333334 0.06481481481481481
0 0.8010416666666667 0.06574074074074074 0.025 0.05185185185185185
0 0.30182291666666666 0.009259259259259259 0.008854166666666666 0.016666666666666666
0 0.27786458333333336 0.0060185185185185185 0.0067708333333333336 0.012037037037037037
0 0.9322916666666666 0.008796296296296297 0.01875 0.01574074074074074
0 0.8822916666666667 0.014351851851851852 0.016666666666666666 0.026851851851851852
