0 0.6445 0.9013333333333333 0.021 0.04533333333333334
0 0.4145 0.5873333333333334 0.025 0.068
0 0.4625 0.432 0.041 0.042666666666666665
0 0.2785 0.374 0.035 0.08933333333333333
0 0.43 0.30733333333333335 0.038 0.025333333333333333
0 0.4345 0.2613333333333333 0.031 0.024
0 0.5395 0.24333333333333335 0.019 0.03866666666666667
0 0.357 0.24533333333333332 0.032 0.042666666666666665
0 0.4085 0.23933333333333334 0.029 0.03333333333333333
0 0.6525 0.218 0.039 0.06
0 0.491 0.15866666666666668 0.022 0.02666666666666667
0 0.4815 0.13266666666666665 0.055 0.028
0 0.4215 0.035333333333333335 0.039 0.04666666666666667
