0 0.1965 0.79 0.041 0.03333333333333333
0 0.274 0.7686666666666667 0.02 0.02
0 0.174 0.7386666666666667 0.018 0.018666666666666668
0 0.189 0.7286666666666667 0.016 0.017333333333333333
0 0.213 0.6973333333333334 0.03 0.042666666666666665
0 0.2855 0.5773333333333334 0.011 0.037333333333333336
0 0.408 0.5766666666666667 0.028 0.06266666666666666
0 0.393 0.56 0.012 0.037333333333333336
0 0.592 0.5166666666666667 0.02 0.036
0 0.3605 0.4686666666666667 0.017 0.012
0 0.379 0.4693333333333333 0.026 0.029333333333333333
0 0.3635 0.45266666666666666 0.045 0.02266666666666667
0 0.031 0.408 0.044 0.02666666666666667
0 0.056 0.39466666666666667 0.014 0.04
0 0.4355 0.3993333333333333 0.017 0.03866666666666667
0 0.2245 0.4026666666666667 0.033 0.050666666666666665
0 0.1005 0.35333333333333333 0.011 0.02666666666666667
0 0.6565 0.3606666666666667 0.021 0.06
0 0.6745 0.33 0.017 0.025333333333333333
0 0.0645 0.328 0.017 0.024
0 0.662 0.31866666666666665 0.026 0.021333333333333333
0 0.9815 0.214 0.029 0.017333333333333333
0 0.488 0.19133333333333333 0.018 0.03866666666666667
0 0.635 0.12866666666666668 0.018 0.03333333333333333
0 0.483 0.116 0.026 0.06933333333333333
0 0.66 0.10866666666666666 0.032 0.06266666666666666
0 0.9945 0.09133333333333334 0.011 0.06533333333333333
