0 0.28359375 0.40324074074074073 0.0828125 0.09722222222222222
0 0.9833333333333333 0.3527777777777778 0.03125 0.0962962962962963
0 0.7033854166666667 0.4847222222222222 0.019270833333333334 0.05462962962962963
0 0.19609375 0.5287037037037037 0.10989583333333333 0.10555555555555556
0 0.8328125 0.32407407407407407 0.057291666666666664 0.08148148148148149
0 0.9421875 0.3726851851851852 0.07604166666666666 0.12314814814814815
0 0.21770833333333334 0.45416666666666666 0.11041666666666666 0.10277777777777777
0 0.31979166666666664 0.27453700878002024 0.04062496821085612 0.05833329801206236
0 0.11119783719380696 0.5754628499348958 0.14427067438761393 0.11944426077383535
0 0.49375 0.38657407407407407 0.09479166666666666 0.12314814814814815
0 0.0765625 0.44722222222222224 0.042708333333333334 0.08333333333333333
0 0.01328125 0.4962962962962963 0.0265625 0.06481481481481481
0 0.029947916666666668 0.6314814814814815 0.044270833333333336 0.06666666666666667
0 0.05572916666666667 0.5518518518518518 0.06458333333333334 0.07777777777777778
0 0.15807291666666667 0.44814814814814813 0.10364583333333334 0.09074074074074075
0 0.36302083333333335 0.3800925925925926 0.10520833333333333 0.10462962962962963
0 0.5197916666666667 0.32592592592592595 0.028125 0.053703703703703705
0 0.5619791666666667 0.32083333333333336 0.021875 0.05648148148148148
0 0.58515625 0.3597222222222222 0.03177083333333333 0.06759259259259259
0 0.15989583333333332 0.55 0.06875 0.08703703703703704
0 0.5315104166666667 0.3287037037037037 0.013020833333333334 0.046296296296296294
0 0.9822916666666667 0.41388888888888886 0.03125 0.046296296296296294
0 0.9921875 0.3726851851851852 0.015625 0.03425925925925926
