0 0.698 0.9646666666666667 0.04 0.03866666666666667
0 0.5305 0.9146666666666666 0.015 0.016
0 0.791 0.8593333333333333 0.018 0.02266666666666667
0 0.174 0.8773333333333333 0.016 0.06133333333333333
0 0.5215 0.8586666666666667 0.043 0.02666666666666667
0 0.8105 0.85 0.011 0.02266666666666667
0 0.591 0.8593333333333333 0.028 0.04666666666666667
0 0.0355 0.8353333333333334 0.017 0.017333333333333333
0 0.495 0.828 0.038 0.037333333333333336
0 0.643 0.81 0.018 0.017333333333333333
0 0.647 0.7926666666666666 0.01 0.02266666666666667
0 0.0145 0.6853333333333333 0.019 0.013333333333333334
0 0.0115 0.668 0.015 0.018666666666666668
0 0.248 0.6226666666666667 0.01 0.018666666666666668
0 0.427 0.614 0.016 0.025333333333333333
0 0.253 0.6133333333333333 0.018 0.024
0 0.292 0.572 0.03 0.034666666666666665
0 0.416 0.5633333333333334 0.018 0.025333333333333333
0 0.989 0.5373333333333333 0.022 0.034666666666666665
0 0.396 0.5113333333333333 0.048 0.03333333333333333
0 0.736 0.474 0.02 0.04933333333333333
0 0.485 0.4206666666666667 0.03 0.030666666666666665
0 0.4705 0.8306666666666667 0.021 0.037333333333333336
