0 0.019 0.9026666666666666 0.038 0.024
0 0.635 0.8473333333333334 0.02 0.017333333333333333
0 0.648 0.8606666666666667 0.038 0.05466666666666667
0 0.646 0.8306666666666667 0.012 0.016
0 0.597 0.788 0.048 0.034666666666666665
0 0.7425 0.724 0.039 0.032
0 0.6175 0.5653333333333334 0.021 0.032
0 0.4345 0.5146666666666667 0.031 0.042666666666666665
0 0.1555 0.36333333333333334 0.035 0.04133333333333333
0 0.2755 0.3526666666666667 0.025 0.02266666666666667
0 0.2885 0.334 0.033 0.02266666666666667
0 0.1405 0.27266666666666667 0.029 0.025333333333333333
