0 0.026 0.8506666666666667 0.012 0.029333333333333333
0 0.009 0.5053333333333333 0.018 0.032
0 0.535 0.42866666666666664 0.032 0.02
0 0.558 0.43333333333333335 0.022 0.034666666666666665
0 0.924 0.41533333333333333 0.018 0.025333333333333333
0 0.344 0.392 0.016 0.010666666666666666
0 0.846 0.36 0.026 0.034666666666666665
0 0.779 0.368 0.022 0.050666666666666665
0 0.0915 0.344 0.033 0.04
0 0.336 0.3293333333333333 0.026 0.016
0 0.017 0.25066666666666665 0.02 0.050666666666666665
0 0.9555 0.18666666666666668 0.033 0.04533333333333334
