0 0.2355 0.7133333333333334 0.045 0.029333333333333333
0 0.5925 0.5306666666666666 0.043 0.050666666666666665
0 0.833 0.462 0.046 0.028
0 0.53 0.4553333333333333 0.022 0.028
0 0.458 0.42733333333333334 0.016 0.03333333333333333
0 0.5295 0.42333333333333334 0.019 0.036
0 0.477 0.4226666666666667 0.014 0.034666666666666665
0 0.627 0.394 0.018 0.02
0 0.667 0.39266666666666666 0.012 0.025333333333333333
0 0.567 0.36866666666666664 0.014 0.03333333333333333
0 0.6535 0.38066666666666665 0.023 0.06266666666666666
0 0.8055 0.3433333333333333 0.039 0.052
