0 0.6135 0.932 0.027 0.018666666666666668
0 0.3815 0.8386666666666667 0.033 0.064
0 0.8635 0.7906666666666666 0.029 0.05333333333333334
0 0.2725 0.7566666666666667 0.023 0.03866666666666667
0 0.71 0.6626666666666666 0.012 0.016
0 0.25 0.668 0.02 0.04
0 0.699 0.6446666666666667 0.022 0.030666666666666665
0 0.6465 0.6306666666666667 0.019 0.024
0 0.631 0.6193333333333333 0.02 0.028
0 0.45 0.562 0.026 0.06533333333333333
0 0.6245 0.5173333333333333 0.013 0.02666666666666667
0 0.625 0.4806666666666667 0.022 0.017333333333333333
0 0.359 0.43466666666666665 0.022 0.029333333333333333
0 0.2735 0.3393333333333333 0.035 0.028
0 0.235 0.08066666666666666 0.02 0.02266666666666667
0 0.245 0.017333333333333333 0.016 0.02666666666666667
0 0.2235 0.028666666666666667 0.021 0.04666666666666667
0 0.9875 0.014666666666666666 0.019 0.029333333333333333
0 0.576 0.012 0.026 0.024
0 0.2655 0.3586666666666667 0.037 0.021333333333333333
0 0.554 0.622 0.026 0.028
0 0.6145 0.498 0.037 0.017333333333333333
0 0.384 0.8013333333333333 0.018 0.02666666666666667
0 0.369 0.808 0.016 0.02666666666666667
0 0.3625 0.7633333333333333 0.025 0.025333333333333333
0 0.623 0.9153333333333333 0.03 0.025333333333333333
