0 0.331 0.7433333333333333 0.034 0.05466666666666667
0 0.2045 0.7473333333333333 0.019 0.04133333333333333
0 0.184 0.7113333333333334 0.02 0.012
0 0.256 0.7133333333333334 0.028 0.029333333333333333
0 0.173 0.6926666666666667 0.018 0.02
0 0.3525 0.668 0.049 0.02666666666666667
0 0.161 0.6133333333333333 0.024 0.021333333333333333
0 0.1525 0.5393333333333333 0.019 0.03333333333333333
0 0.868 0.4706666666666667 0.022 0.029333333333333333
0 0.379 0.282 0.028 0.036
0 0.4965 0.2793333333333333 0.025 0.04133333333333333
0 0.657 0.154 0.052 0.028
0 0.061 0.12333333333333334 0.032 0.02266666666666667
