0 0.8965 0.5453333333333333 0.045 0.034666666666666665
0 0.8305 0.452 0.027 0.024
0 0.804 0.44266666666666665 0.024 0.021333333333333333
0 0.775 0.42 0.024 0.018666666666666668
0 0.7445 0.41533333333333333 0.017 0.02266666666666667
0 0.7545 0.3413333333333333 0.031 0.037333333333333336
0 0.5365 0.21666666666666667 0.055 0.03333333333333333
0 0.4935 0.20466666666666666 0.019 0.025333333333333333
0 0.4995 0.18466666666666667 0.017 0.012
0 0.679 0.172 0.026 0.05333333333333334
0 0.6035 0.04066666666666666 0.019 0.017333333333333333
0 0.5525 0.028666666666666667 0.015 0.02
0 0.6075 0.022 0.043 0.02266666666666667
0 0.5445 0.017333333333333333 0.013 0.013333333333333334
0 0.6855 0.2886666666666667 0.023 0.04133333333333333
