0 0.957 0.9153333333333333 0.022 0.025333333333333333
0 0.34 0.9033333333333333 0.038 0.06
0 0.0755 0.8486666666666667 0.019 0.017333333333333333
0 0.275 0.8546666666666667 0.036 0.032
0 0.099 0.8553333333333333 0.034 0.03333333333333333
0 0.3015 0.842 0.019 0.017333333333333333
0 0.1195 0.8453333333333334 0.013 0.02666666666666667
0 0.288 0.8326666666666667 0.01 0.017333333333333333
0 0.1475 0.7326666666666667 0.017 0.02266666666666667
0 0.869 0.7053333333333334 0.016 0.024
0 0.8945 0.6686666666666666 0.017 0.02
0 0.9885 0.662 0.023 0.017333333333333333
0 0.2965 0.65 0.019 0.036
0 0.1835 0.6186666666666667 0.043 0.042666666666666665
0 0.316 0.576 0.032 0.058666666666666666
0 0.885 0.32066666666666666 0.03 0.025333333333333333
0 0.704 0.314 0.012 0.017333333333333333
0 0.323 0.31466666666666665 0.016 0.018666666666666668
0 0.336 0.31533333333333335 0.016 0.030666666666666665
0 0.066 0.276 0.016 0.024
0 0.9935 0.25333333333333335 0.013 0.02666666666666667
0 0.053 0.26066666666666666 0.028 0.052
0 0.6105 0.24533333333333332 0.021 0.032
0 0.6675 0.154 0.019 0.02
0 0.725 0.16666666666666666 0.03 0.056
0 0.889 0.10266666666666667 0.036 0.034666666666666665
0 0.744 0.07333333333333333 0.022 0.018666666666666668
