0 0.578 0.9913333333333333 0.012 0.017333333333333333
0 0.989 0.99 0.016 0.02
0 0.4885 0.924 0.041 0.048
0 0.644 0.898 0.02 0.025333333333333333
0 0.574 0.8533333333333334 0.01 0.024
0 0.489 0.8506666666666667 0.034 0.05333333333333334
0 0.9625 0.8093333333333333 0.023 0.02666666666666667
0 0.928 0.6893333333333334 0.036 0.05333333333333334
0 0.961 0.662 0.02 0.07333333333333333
0 0.5625 0.6306666666666667 0.053 0.04
0 0.941 0.438 0.052 0.03333333333333333
0 0.971 0.202 0.024 0.07066666666666667
