0 0.84 0.8966666666666666 0.034 0.04666666666666667
0 0.8925 0.7693333333333333 0.029 0.050666666666666665
0 0.1575 0.7146666666666667 0.027 0.021333333333333333
0 0.542 0.706 0.02 0.036
0 0.27 0.6293333333333333 0.02 0.024
0 0.375 0.55 0.032 0.02
0 0.296 0.558 0.026 0.05733333333333333
0 0.771 0.5126666666666667 0.044 0.04666666666666667
0 0.6165 0.31333333333333335 0.031 0.021333333333333333
0 0.072 0.304 0.014 0.04
0 0.0495 0.3 0.029 0.058666666666666666
0 0.0305 0.218 0.019 0.076
0 0.045 0.104 0.048 0.056
0 0.6055 0.32266666666666666 0.029 0.016
