0 0.756 0.932 0.024 0.032
0 0.725 0.8986666666666666 0.02 0.037333333333333336
0 0.9815 0.7993333333333333 0.037 0.036
0 0.052 0.782 0.034 0.036
0 0.6075 0.7746666666666666 0.049 0.04
0 0.8795 0.6913333333333334 0.033 0.02266666666666667
0 0.567 0.6453333333333333 0.026 0.034666666666666665
0 0.588 0.6426666666666667 0.042 0.042666666666666665
0 0.9065 0.612 0.027 0.024
0 0.84 0.4033333333333333 0.038 0.06
0 0.5755 0.3486666666666667 0.019 0.017333333333333333
0 0.775 0.3546666666666667 0.036 0.032
0 0.599 0.35533333333333333 0.034 0.03333333333333333
0 0.8015 0.342 0.019 0.017333333333333333
0 0.6195 0.3453333333333333 0.013 0.02666666666666667
0 0.788 0.33266666666666667 0.01 0.017333333333333333
0 0.6475 0.23266666666666666 0.017 0.02266666666666667
0 0.7965 0.15 0.019 0.036
0 0.6835 0.11866666666666667 0.043 0.042666666666666665
0 0.816 0.076 0.032 0.058666666666666666
