0 0.2915 0.8566666666666667 0.039 0.044
0 0.4005 0.822 0.021 0.044
0 0.3195 0.7126666666666667 0.045 0.052
0 0.5675 0.6386666666666667 0.027 0.021333333333333333
0 0.164 0.6353333333333333 0.04 0.05466666666666667
0 0.228 0.5273333333333333 0.05 0.036
0 0.5405 0.37333333333333335 0.019 0.021333333333333333
0 0.0685 0.23866666666666667 0.037 0.024
0 0.4965 0.19466666666666665 0.033 0.058666666666666666
0 0.087 0.08933333333333333 0.02 0.037333333333333336
0 0.0135 0.016666666666666666 0.027 0.030666666666666665
