0 0.763 0.9926666666666667 0.018 0.014666666666666666
0 0.697 0.9766666666666667 0.052 0.036
0 0.176 0.9113333333333333 0.046 0.044
0 0.913 0.282 0.016 0.017333333333333333
0 0.743 0.276 0.014 0.02666666666666667
0 0.785 0.26466666666666666 0.024 0.025333333333333333
0 0.0095 0.27266666666666667 0.019 0.04133333333333333
0 0.7265 0.22866666666666666 0.053 0.030666666666666665
0 0.561 0.166 0.054 0.028
0 0.9365 0.114 0.041 0.044
0 0.9455 0.043333333333333335 0.031 0.036
0 0.4765 0.04066666666666666 0.033 0.03333333333333333
