0 0.7473958333333334 0.43842592592592594 0.019791666666666666 0.013888888888888888
0 0.6442708333333333 0.4324074074074074 0.010416666666666666 0.020370370370370372
0 0.884375 0.44537037037037036 0.008333333333333333 0.016666666666666666
0 0.9119791666666667 0.4476851851851852 0.017708333333333333 0.013888888888888888
0 0.27890625 0.4375 0.0234375 0.030555555555555555
0 0.7122395833333334 0.44537037037037036 0.024479166666666666 0.018518518518518517
0 0.9138020833333333 0.5060185185185185 0.0265625 0.04351851851851852
0 0.8643229166666667 0.5263888888888889 0.03802083333333333 0.06759259259259259
0 0.64140625 0.5875 0.058854166666666666 0.10462962962962963
0 0.44296875 0.4203703703703704 0.009895833333333333 0.012962962962962963
0 0.45989583333333334 0.4148148148148148 0.009375 0.012962962962962963
0 0.5111979166666667 0.41435185185185186 0.0171875 0.010185185185185186
0 0.52734375 0.4060185185185185 0.011979166666666667 0.010185185185185186
0 0.5328125 0.40694444444444444 0.005208333333333333 0.006481481481481481
0 0.5317708333333333 0.4166666666666667 0.01875 0.009259259259259259
0 0.528125 0.4212962962962963 0.011458333333333333 0.009259259259259259
0 0.5796875 0.4152777777777778 0.014583333333333334 0.01574074074074074
0 0.5841145833333333 0.41805555555555557 0.0078125 0.006481481481481481
0 0.5932291666666667 0.4236111111111111 0.00625 0.006481481481481481
0 0.5947916666666667 0.41435185185185186 0.010416666666666666 0.012037037037037037
0 0.6049479166666667 0.41435185185185186 0.009895833333333333 0.012037037037037037
0 0.6158854166666666 0.41712962962962963 0.008854166666666666 0.008333333333333333
0 0.62421875 0.4162037037037037 0.0067708333333333336 0.010185185185185186
0 0.665625 0.41944444444444445 0.003125 0.009259259259259259
0 0.67734375 0.43194444444444446 0.0109375 0.010185185185185186
0 0.6833333333333333 0.42268518518518516 0.014583333333333334 0.013888888888888888
0 0.6984375 0.42685185185185187 0.007291666666666667 0.009259259259259259
0 0.7083333333333334 0.42592592592592593 0.008333333333333333 0.007407407407407408
0 0.6901041666666666 0.43148148148148147 0.005208333333333333 0.009259259259259259
0 0.6966145833333334 0.4462962962962963 0.0109375 0.011111111111111112
0 0.7380208333333333 0.4263888888888889 0.007291666666666667 0.013888888888888888
0 0.7627604166666667 0.4351851851851852 0.0109375 0.014814814814814815
0 0.9104166666666667 0.4638888888888889 0.005208333333333333 0.009259259259259259
0 0.9278645833333333 0.45787037037037037 0.013020833333333334 0.008333333333333333
0 0.9223958333333333 0.45231481481481484 0.010416666666666666 0.008333333333333333
0 0.6848958333333334 0.43425925925925923 0.010416666666666666 0.007407407407407408
0 0.7190104166666667 0.4300925925925926 0.0046875 0.004629629629629629
0 0.7494791666666667 0.4300925925925926 0.013541666666666667 0.008333333333333333
