0 0.2215 0.9013333333333333 0.013 0.04
0 0.088 0.66 0.024 0.016
0 0.148 0.6433333333333333 0.04 0.04133333333333333
0 0.276 0.6233333333333333 0.03 0.044
0 0.917 0.5406666666666666 0.048 0.04933333333333333
0 0.917 0.5213333333333333 0.02 0.032
0 0.5935 0.43933333333333335 0.041 0.03333333333333333
0 0.0045 0.38533333333333336 0.009 0.029333333333333333
0 0.037 0.35733333333333334 0.026 0.058666666666666666
0 0.353 0.29933333333333334 0.04 0.04133333333333333
0 0.281 0.2793333333333333 0.022 0.025333333333333333
