0 0.604 0.9746666666666667 0.022 0.050666666666666665
0 0.72 0.94 0.044 0.04533333333333334
0 0.433 0.922 0.026 0.02266666666666667
0 0.3565 0.9093333333333333 0.023 0.029333333333333333
0 0.373 0.8813333333333333 0.046 0.02666666666666667
0 0.6875 0.6526666666666666 0.027 0.014666666666666666
0 0.689 0.6373333333333333 0.026 0.018666666666666668
0 0.7295 0.6493333333333333 0.031 0.06933333333333333
0 0.2945 0.428 0.023 0.024
0 0.5175 0.3993333333333333 0.043 0.04666666666666667
0 0.2265 0.3413333333333333 0.019 0.04533333333333334
0 0.216 0.2846666666666667 0.032 0.05733333333333333
0 0.055 0.21266666666666667 0.03 0.02266666666666667
0 0.299 0.066 0.034 0.05733333333333333
