0 0.2015 0.628 0.017 0.029333333333333333
0 0.217 0.6186666666666667 0.014 0.024
0 0.01 0.406 0.02 0.03333333333333333
0 0.592 0.32266666666666666 0.034 0.018666666666666668
0 0.1035 0.30666666666666664 0.019 0.029333333333333333
0 0.37 0.29 0.02 0.036
0 0.2725 0.2693333333333333 0.031 0.018666666666666668
0 0.093 0.22866666666666666 0.042 0.028
0 0.041 0.182 0.016 0.036
0 0.5915 0.13866666666666666 0.021 0.02666666666666667
0 0.622 0.126 0.018 0.028
0 0.005 0.13533333333333333 0.01 0.04933333333333333
0 0.5695 0.10333333333333333 0.053 0.025333333333333333
0 0.7315 0.08533333333333333 0.029 0.018666666666666668
0 0.686 0.08266666666666667 0.024 0.016
0 0.7275 0.03866666666666667 0.035 0.04533333333333334
0 0.6085 0.10733333333333334 0.025 0.017333333333333333
