0 0.56 0.8746666666666667 0.03 0.037333333333333336
0 0.5895 0.8153333333333334 0.023 0.014666666666666666
0 0.6105 0.8026666666666666 0.021 0.024
0 0.0325 0.736 0.019 0.034666666666666665
0 0.3235 0.7246666666666667 0.019 0.028
0 0.3135 0.6726666666666666 0.013 0.012
0 0.2305 0.604 0.037 0.037333333333333336
0 0.133 0.404 0.026 0.058666666666666666
0 0.8535 0.29133333333333333 0.017 0.030666666666666665
0 0.9575 0.29133333333333333 0.039 0.04666666666666667
0 0.13 0.17066666666666666 0.016 0.016
0 0.134 0.13933333333333334 0.03 0.03333333333333333
0 0.1165 0.13066666666666665 0.017 0.02666666666666667
0 0.2015 0.10866666666666666 0.019 0.02
0 0.1935 0.09733333333333333 0.017 0.016
0 0.662 0.09733333333333333 0.022 0.029333333333333333
0 0.686 0.08666666666666667 0.018 0.032
