0 0.1595 0.9846666666666667 0.029 0.028
0 0.1145 0.9753333333333334 0.017 0.028
0 0.2155 0.9653333333333334 0.013 0.029333333333333333
0 0.5495 0.9086666666666666 0.045 0.030666666666666665
0 0.162 0.782 0.026 0.03333333333333333
0 0.1935 0.6733333333333333 0.021 0.018666666666666668
0 0.5595 0.6846666666666666 0.051 0.044
0 0.117 0.6446666666666667 0.02 0.03866666666666667
0 0.1345 0.6293333333333333 0.037 0.05333333333333334
0 0.0665 0.5066666666666667 0.033 0.034666666666666665
0 0.317 0.37533333333333335 0.022 0.036
0 0.0115 0.364 0.023 0.02666666666666667
0 0.2445 0.3546666666666667 0.029 0.024
0 0.013 0.3273333333333333 0.026 0.03333333333333333
0 0.1625 0.26 0.027 0.024
0 0.0265 0.258 0.031 0.02266666666666667
0 0.1255 0.26466666666666666 0.047 0.04666666666666667
0 0.947 0.21133333333333335 0.022 0.025333333333333333
0 0.522 0.11866666666666667 0.028 0.018666666666666668
0 0.134 0.09666666666666666 0.048 0.028
0 0.7705 0.032 0.035 0.021333333333333333
0 0.945 0.017333333333333333 0.036 0.02666666666666667
