0 0.403 0.958 0.01 0.030666666666666665
0 0.4135 0.934 0.015 0.03333333333333333
0 0.4285 0.9213333333333333 0.021 0.016
0 0.3545 0.936 0.027 0.05333333333333334
0 0.4275 0.8953333333333333 0.013 0.025333333333333333
0 0.373 0.86 0.02 0.021333333333333333
0 0.2935 0.79 0.035 0.04933333333333333
0 0.513 0.7526666666666667 0.036 0.04933333333333333
0 0.6375 0.5286666666666666 0.025 0.02
0 0.8165 0.364 0.023 0.018666666666666668
0 0.9345 0.3546666666666667 0.029 0.024
0 0.8645 0.24466666666666667 0.035 0.04133333333333333
