0 0.1415 0.9686666666666667 0.013 0.012
0 0.13 0.9706666666666667 0.016 0.029333333333333333
0 0.241 0.9613333333333334 0.036 0.034666666666666665
0 0.4305 0.9246666666666666 0.013 0.025333333333333333
0 0.661 0.8653333333333333 0.028 0.024
0 0.007 0.8686666666666667 0.014 0.036
0 0.501 0.6973333333333334 0.038 0.037333333333333336
0 0.576 0.6506666666666666 0.046 0.034666666666666665
0 0.4945 0.6413333333333333 0.037 0.050666666666666665
0 0.204 0.32 0.018 0.032
0 0.204 0.228 0.048 0.024
0 0.4765 0.222 0.039 0.044
0 0.9935 0.104 0.013 0.032
0 0.833 0.09 0.022 0.025333333333333333
0 0.8945 0.08933333333333333 0.033 0.034666666666666665
0 0.148 0.9586666666666667 0.024 0.016
