0 0.7605 0.7206666666666667 0.029 0.02266666666666667
0 0.7265 0.7253333333333334 0.045 0.04
0 0.447 0.7113333333333334 0.022 0.025333333333333333
0 0.889 0.6713333333333333 0.03 0.02266666666666667
0 0.8355 0.6766666666666666 0.047 0.03333333333333333
0 0.022 0.6186666666666667 0.028 0.018666666666666668
0 0.6775 0.6053333333333333 0.047 0.029333333333333333
0 0.9805 0.5393333333333333 0.025 0.02266666666666667
0 0.2705 0.532 0.035 0.021333333333333333
0 0.445 0.5173333333333333 0.036 0.02666666666666667
0 0.4505 0.49866666666666665 0.013 0.018666666666666668
0 0.715 0.4493333333333333 0.014 0.02666666666666667
0 0.7045 0.43866666666666665 0.027 0.037333333333333336
0 0.782 0.43266666666666664 0.022 0.030666666666666665
0 0.7435 0.4 0.019 0.024
0 0.844 0.3486666666666667 0.048 0.03866666666666667
0 0.4745 0.31333333333333335 0.031 0.05333333333333334
0 0.3305 0.14333333333333334 0.025 0.028
0 0.372 0.14266666666666666 0.018 0.04
0 0.1395 0.09266666666666666 0.019 0.03333333333333333
0 0.154 0.08266666666666667 0.022 0.037333333333333336
0 0.542 0.06133333333333333 0.028 0.072
0 0.1055 0.03 0.031 0.06
