0 0.5475 0.9586666666666667 0.049 0.037333333333333336
0 0.916 0.9226666666666666 0.048 0.037333333333333336
0 0.8055 0.8906666666666667 0.033 0.058666666666666666
0 0.584 0.8553333333333333 0.012 0.02
0 0.5775 0.8393333333333334 0.013 0.028
0 0.7355 0.8366666666666667 0.029 0.052
0 0.7615 0.8153333333333334 0.029 0.017333333333333333
0 0.6885 0.794 0.017 0.03333333333333333
0 0.702 0.7766666666666666 0.01 0.014666666666666666
0 0.7115 0.762 0.013 0.012
0 0.693 0.7646666666666667 0.012 0.02266666666666667
0 0.7755 0.748 0.047 0.032
0 0.4645 0.7433333333333333 0.019 0.028
0 0.295 0.7133333333333334 0.018 0.024
0 0.5005 0.6833333333333333 0.025 0.028
0 0.4805 0.5913333333333334 0.037 0.052
