0 0.09 0.8253333333333334 0.038 0.024
0 0.0915 0.6386666666666667 0.021 0.02666666666666667
0 0.122 0.626 0.018 0.028
0 0.0695 0.6033333333333334 0.053 0.025333333333333333
0 0.2315 0.5853333333333334 0.029 0.018666666666666668
0 0.186 0.5826666666666667 0.024 0.016
0 0.693 0.5693333333333334 0.022 0.02666666666666667
0 0.816 0.552 0.03 0.016
0 0.86 0.538 0.026 0.025333333333333333
0 0.2275 0.5386666666666666 0.035 0.04533333333333334
0 0.8685 0.5066666666666667 0.025 0.032
0 0.9805 0.478 0.039 0.02266666666666667
0 0.6685 0.38 0.013 0.032
0 0.676 0.368 0.016 0.032
0 0.955 0.324 0.024 0.024
0 0.7445 0.32466666666666666 0.023 0.025333333333333333
0 0.945 0.30266666666666664 0.02 0.021333333333333333
0 0.82 0.266 0.024 0.02
0 0.8015 0.234 0.041 0.052
0 0.121 0.15333333333333332 0.016 0.021333333333333333
0 0.867 0.12933333333333333 0.03 0.048
