0 0.15 0.9753333333333334 0.024 0.04933333333333333
0 0.8275 0.9073333333333333 0.013 0.02266666666666667
0 0.8765 0.8993333333333333 0.043 0.03866666666666667
0 0.0635 0.8433333333333334 0.013 0.036
0 0.1595 0.824 0.015 0.021333333333333333
0 0.7785 0.7873333333333333 0.037 0.02
0 0.0515 0.74 0.027 0.064
0 0.9945 0.6933333333333334 0.011 0.037333333333333336
0 0.9065 0.6713333333333333 0.025 0.05466666666666667
0 0.7585 0.6373333333333333 0.053 0.042666666666666665
0 0.8705 0.536 0.035 0.06933333333333333
