0 0.4635 0.8766666666666667 0.017 0.04666666666666667
0 0.476 0.8133333333333334 0.024 0.018666666666666668
0 0.529 0.8113333333333334 0.018 0.025333333333333333
0 0.571 0.802 0.03 0.03333333333333333
0 0.505 0.7273333333333334 0.026 0.03866666666666667
0 0.6025 0.6933333333333334 0.037 0.05333333333333334
0 0.1725 0.638 0.029 0.02266666666666667
0 0.718 0.54 0.03 0.06933333333333333
0 0.0655 0.5233333333333333 0.033 0.052
0 0.7135 0.33866666666666667 0.047 0.042666666666666665
0 0.1175 0.09066666666666667 0.045 0.021333333333333333
0 0.551 0.10133333333333333 0.028 0.06133333333333333
0 0.4205 0.07066666666666667 0.023 0.034666666666666665
0 0.0425 0.048666666666666664 0.023 0.017333333333333333
