0 0.1075 0.5493333333333333 0.031 0.021333333333333333
0 0.667 0.538 0.044 0.04133333333333333
0 0.1265 0.5133333333333333 0.019 0.037333333333333336
0 0.0245 0.49266666666666664 0.049 0.028
0 0.4425 0.4846666666666667 0.017 0.030666666666666665
0 0.447 0.4493333333333333 0.026 0.037333333333333336
0 0.505 0.424 0.036 0.04
0 0.658 0.31466666666666665 0.016 0.016
0 0.682 0.29 0.052 0.036
0 0.262 0.268 0.028 0.02666666666666667
0 0.3295 0.23333333333333334 0.015 0.032
0 0.41 0.20533333333333334 0.028 0.024
0 0.122 0.17666666666666667 0.024 0.03866666666666667
0 0.609 0.17066666666666666 0.018 0.032
0 0.904 0.16066666666666668 0.032 0.028
0 0.589 0.15466666666666667 0.018 0.021333333333333333
0 0.2525 0.164 0.021 0.08
0 0.106 0.14266666666666666 0.02 0.05333333333333334
0 0.6235 0.12733333333333333 0.039 0.03333333333333333
0 0.568 0.08866666666666667 0.016 0.044
0 0.486 0.09 0.03 0.04933333333333333
0 0.3115 0.068 0.027 0.029333333333333333
