0 0.019010416666666665 0.15046296296296297 0.03802083333333333 0.06018518518518518
0 0.014322916666666666 0.05462962962962963 0.028645833333333332 0.03148148148148148
0 0.08802083333333334 0.07824074074074074 0.025 0.021296296296296296
0 0.5041666666666667 0.4847222222222222 0.10625 0.09907407407407408
0 0.03619791666666667 0.05740740740740741 0.015104166666666667 0.016666666666666666
0 0.11770833333333333 0.031018518518518518 0.015625 0.012037037037037037
0 0.20104166666666667 0.04953703703703704 0.019791666666666666 0.013888888888888888
0 0.17734375 0.02175925925925926 0.0078125 0.010185185185185186
0 0.24609375 0.023148148148148147 0.0234375 0.037037037037037035
0 0.28567708333333336 0.00787037037037037 0.0140625 0.013888888888888888
0 0.3203125 0.01898148148148148 0.007291666666666667 0.01574074074074074
0 0.46484375 0.05185185185185185 0.0234375 0.03333333333333333
0 0.74453125 0.12638888888888888 0.0453125 0.06388888888888888
0 0.76796875 0.11944444444444445 0.0203125 0.05740740740740741
0 0.7955729166666666 0.10648148148148148 0.0265625 0.040740740740740744
0 0.8263020833333333 0.07546296296296297 0.0296875 0.05277777777777778
0 0.85 0.05694444444444444 0.015625 0.023148148148148147
0 0.8684895833333334 0.044444444444444446 0.0109375 0.027777777777777776
0 0.8854166666666666 0.03194444444444444 0.01875 0.03796296296296296
0 0.011458333333333333 0.07407407407407407 0.021875 0.011111111111111112
0 0.29583333333333334 0.018518518518518517 0.011458333333333333 0.014814814814814815
0 0.9497395833333333 0.013425925925925926 0.019270833333333334 0.021296296296296296
0 0.8119791666666667 0.011574074074074073 0.011458333333333333 0.017592592592592594
0 0.790625 0.011574074074074073 0.009375 0.019444444444444445
