0 0.1466145674387614 0.07824074074074074 0.017187468210856118 0.017592592592592594
0 0.028385416666666666 0.06157406700981988 0.03697916666666667 0.02870369487338596
0 0.20885416666666667 0.049537058229799626 0.026041666666666668 0.02314819406580042
0 0.03359375 0.1537037037037037 0.059895833333333336 0.05925925925925926
0 0.49557294845581057 0.4310186880606192 0.09739588896433513 0.1009262932671441
0 0.05130208333333333 0.06435185185185185 0.0171875 0.021296296296296296
0 0.12786458333333334 0.0412037037037037 0.013020833333333334 0.012037037037037037
0 0.020572916666666666 0.07916666666666666 0.030729166666666665 0.021296296296296296
0 0.01015625 0.11712962962962963 0.016145833333333335 0.021296296296296296
0 0.005729166666666666 0.1824074074074074 0.008333333333333333 0.027777777777777776
0 0.28802083333333334 0.01712962962962963 0.013541666666666667 0.026851851851851852
0 0.325 0.02824074074074074 0.009375 0.017592592592592594
0 0.46536458333333336 0.056018518518518516 0.024479166666666666 0.03425925925925926
0 0.6828125 0.11435185185185186 0.05 0.05277777777777778
0 0.7453125 0.12129629629629629 0.020833333333333332 0.06851851851851852
0 0.765625 0.10555555555555556 0.014583333333333334 0.03518518518518519
0 0.7880208333333333 0.09351851851851851 0.009375 0.03333333333333333
0 0.8067708333333333 0.075 0.029166666666666667 0.04814814814814815
0 0.8372395833333334 0.04722222222222222 0.024479166666666666 0.03888888888888889
0 0.30026041666666664 0.02361111111111111 0.0078125 0.01574074074074074
0 0.8158854166666667 0.06574074074074074 0.0109375 0.03518518518518519
0 0.9348958333333334 0.013888888888888888 0.019791666666666666 0.020370370370370372
0 0.78046875 0.012962962962962963 0.009895833333333333 0.016666666666666666
0 0.79921875 0.010185185185185186 0.013020833333333334 0.018518518518518517
