0 0.28541666666666665 0.275 0.030208333333333334 0.046296296296296294
0 0.3932291666666667 0.2953703703703704 0.03125 0.040740740740740744
0 0.41640625 0.25787037037037036 0.028645833333333332 0.030555555555555555
0 0.20286458333333332 0.4310185185185185 0.05260416666666667 0.07314814814814814
0 0.2635416666666667 0.43287037037037035 0.07291666666666667 0.11203703703703703
0 0.2752604166666667 0.40185185185185185 0.07760416666666667 0.05740740740740741
0 0.35442708333333334 0.3486111111111111 0.0421875 0.04351851851851852
0 0.4591145833333333 0.3194444444444444 0.059895833333333336 0.06296296296296296
0 0.50546875 0.2902777777777778 0.025520833333333333 0.04537037037037037
0 0.54609375 0.27314814814814814 0.013020833333333334 0.044444444444444446
0 0.6234375 0.300462962962963 0.06354166666666666 0.06018518518518518
0 0.6713541666666667 0.2324074074074074 0.03854166666666667 0.06666666666666667
0 0.7395833333333334 0.24675925925925926 0.04583333333333333 0.07685185185185185
0 0.7768229166666667 0.22083333333333333 0.0359375 0.04537037037037037
0 0.79765625 0.2796296296296296 0.028645833333333332 0.06851851851851852
0 0.8385416666666666 0.2953703703703704 0.057291666666666664 0.0962962962962963
0 0.9184895833333333 0.2759259259259259 0.03697916666666667 0.06296296296296296
0 0.12604166666666666 0.4222222222222222 0.020833333333333332 0.040740740740740744
0 0.2046875 0.48333333333333334 0.08020833333333334 0.06666666666666667
0 0.178125 0.5175925925925926 0.017708333333333333 0.027777777777777776
0 0.03984375 0.5314814814814814 0.07239583333333334 0.08703703703703704
