0 0.22916666666666666 0.008333333333333333 0.010416666666666666 0.014814814814814815
0 0.009375 0.03425925925925926 0.01875 0.03148148148148148
0 0.14453125 0.06944444444444445 0.033854166666666664 0.04259259259259259
0 0.027083333333333334 0.1449074074074074 0.053125 0.05277777777777778
0 0.38567708333333334 0.4356481481481482 0.07864583333333333 0.14351851851851852
0 0.23203125 0.019444444444444445 0.008854166666666666 0.018518518518518517
0 0.0203125 0.03935185185185185 0.008333333333333333 0.013888888888888888
0 0.7354166666666667 0.11018518518518519 0.017708333333333333 0.05
0 0.7559895833333333 0.09861111111111111 0.0171875 0.058333333333333334
0 0.7833333333333333 0.08333333333333333 0.022916666666666665 0.05555555555555555
0 0.8091145833333333 0.0787037037037037 0.015104166666666667 0.05
0 0.004427083333333333 0.05324074074074074 0.008854166666666666 0.013888888888888888
0 0.10234375 0.013888888888888888 0.013020833333333334 0.011111111111111112
0 0.44817708333333334 0.047685185185185185 0.0234375 0.03425925925925926
0 0.76875 0.09027777777777778 0.013541666666666667 0.041666666666666664
