0 0.4105 0.9513333333333334 0.053 0.03866666666666667
0 0.6945 0.9413333333333334 0.031 0.04533333333333334
0 0.6245 0.774 0.023 0.044
0 0.5965 0.7366666666666667 0.031 0.025333333333333333
0 0.9445 0.7253333333333334 0.019 0.04
0 0.4545 0.686 0.023 0.06
0 0.5125 0.6546666666666666 0.027 0.034666666666666665
0 0.9765 0.586 0.045 0.03866666666666667
0 0.472 0.5826666666666667 0.026 0.037333333333333336
0 0.5025 0.576 0.039 0.064
0 0.0745 0.428 0.055 0.034666666666666665
0 0.63 0.4013333333333333 0.024 0.058666666666666666
0 0.99 0.29733333333333334 0.02 0.056
0 0.56 0.2853333333333333 0.018 0.04533333333333334
0 0.304 0.2633333333333333 0.028 0.06266666666666666
0 0.519 0.228 0.048 0.048
0 0.1555 0.16733333333333333 0.017 0.04666666666666667
0 0.536 0.12933333333333333 0.042 0.056
