0 0.419 0.8873333333333333 0.022 0.028
0 0.455 0.8473333333333334 0.024 0.025333333333333333
0 0.2275 0.7753333333333333 0.029 0.03866666666666667
0 0.1065 0.7833333333333333 0.039 0.05733333333333333
0 0.459 0.756 0.018 0.06133333333333333
0 0.149 0.6566666666666666 0.012 0.03866666666666667
0 0.4865 0.6393333333333333 0.021 0.030666666666666665
0 0.383 0.5833333333333334 0.018 0.02
0 0.4305 0.5586666666666666 0.047 0.021333333333333333
0 0.676 0.41133333333333333 0.046 0.044
0 0.3475 0.31466666666666665 0.027 0.048
0 0.013 0.196 0.026 0.024
0 0.356 0.164 0.05 0.048
0 0.0465 0.068 0.025 0.02666666666666667
0 0.31 0.043333333333333335 0.02 0.03333333333333333
0 0.1515 0.03866666666666667 0.039 0.04533333333333334
0 0.1905 0.20733333333333334 0.025 0.014666666666666666
