0 0.211 0.9773333333333334 0.022 0.029333333333333333
0 0.2 0.934 0.022 0.017333333333333333
0 0.1025 0.9566666666666667 0.039 0.06266666666666666
0 0.161 0.9273333333333333 0.014 0.012
0 0.063 0.9146666666666666 0.03 0.02666666666666667
0 0.1895 0.912 0.015 0.029333333333333333
0 0.0715 0.794 0.019 0.025333333333333333
0 0.873 0.63 0.024 0.05733333333333333
0 0.692 0.448 0.042 0.029333333333333333
0 0.816 0.2693333333333333 0.02 0.021333333333333333
0 0.799 0.2786666666666667 0.016 0.042666666666666665
0 0.911 0.2 0.032 0.064
