0 0.19036458333333334 0.01898148148148148 0.011979166666666667 0.03796296296296296
0 0.08255208333333333 0.15648148148148147 0.033854166666666664 0.1037037037037037
0 0.8317708333333333 0.03287037037037037 0.013541666666666667 0.026851851851851852
0 0.7799479166666666 0.01990740740740741 0.016145833333333335 0.028703703703703703
0 0.8119791666666667 0.024537037037037038 0.016666666666666666 0.021296296296296296
0 0.7033854166666667 0.09675925925925925 0.0296875 0.058333333333333334
0 0.40208333333333335 0.42962962962962964 0.08229166666666667 0.18703703703703703
0 0.16302083333333334 0.02546296296296296 0.008333333333333333 0.023148148148148147
0 0.7072916666666667 0.07962962962962963 0.013541666666666667 0.04814814814814815
0 0.81796875 0.027777777777777776 0.005729166666666666 0.016666666666666666
0 0.80390625 0.01990740740740741 0.0078125 0.023148148148148147
0 0.809375 0.004629629629629629 0.013541666666666667 0.009259259259259259
0 0.8166666666666667 0.0125 0.016666666666666666 0.012037037037037037
