0 0.0033854166666666668 0.04675925925925926 0.0067708333333333336 0.026851851851851852
0 0.012239583333333333 0.15231481481481482 0.024479166666666666 0.04537037037037037
0 0.42552083333333335 0.4828703703703704 0.09375 0.11574074074074074
0 0.26510416666666664 0.4324074074074074 0.08854166666666667 0.17777777777777778
0 0.012760416666666666 0.04953703703703704 0.011979166666666667 0.017592592592592594
0 0.14322916666666666 0.04861111111111111 0.015625 0.017592592592592594
0 0.22708333333333333 0.018518518518518517 0.026041666666666668 0.03333333333333333
0 0.3020833333333333 0.014814814814814815 0.008333333333333333 0.016666666666666666
0 0.44453125 0.05092592592592592 0.0234375 0.03518518518518519
0 0.7166666666666667 0.12361111111111112 0.03854166666666667 0.0712962962962963
0 0.7434895833333334 0.11666666666666667 0.034895833333333334 0.05555555555555555
0 0.7705729166666667 0.10185185185185185 0.0265625 0.03518518518518519
0 0.8283854166666667 0.05462962962962963 0.0140625 0.025925925925925925
0 0.80390625 0.07083333333333333 0.027604166666666666 0.05092592592592592
0 0.09505208333333333 0.02361111111111111 0.013020833333333334 0.012037037037037037
0 0.26614583333333336 0.006944444444444444 0.011458333333333333 0.012037037037037037
0 0.7736979166666667 0.010648148148148148 0.009895833333333333 0.01574074074074074
0 0.7924479166666667 0.009259259259259259 0.0140625 0.014814814814814815
0 0.8841145833333334 0.01712962962962963 0.013020833333333334 0.030555555555555555
0 0.9328125 0.0125 0.017708333333333333 0.023148148148148147
