0 0.2435 0.878 0.045 0.036
0 0.8715 0.8153333333333334 0.049 0.030666666666666665
0 0.957 0.6093333333333333 0.038 0.056
0 0.977 0.57 0.02 0.014666666666666666
0 0.978 0.5486666666666666 0.02 0.02266666666666667
0 0.603 0.5293333333333333 0.028 0.037333333333333336
0 0.2195 0.4533333333333333 0.047 0.02666666666666667
0 0.837 0.44866666666666666 0.044 0.030666666666666665
0 0.819 0.43933333333333335 0.024 0.028
0 0.8485 0.42866666666666664 0.021 0.012
0 0.6215 0.43733333333333335 0.037 0.042666666666666665
