0 0.06692708333333333 0.07222222222222222 0.03177083333333333 0.020370370370370372
0 0.052083333333333336 0.10138888888888889 0.015625 0.026851851851851852
0 0.075 0.05648148148148148 0.025 0.03518518518518519
0 0.21692708333333333 0.05092592592592592 0.025520833333333333 0.02962962962962963
0 0.021354166666666667 0.07592592592592592 0.027083333333333334 0.022222222222222223
0 0.015104166666666667 0.12314814814814815 0.027083333333333334 0.025925925925925925
0 0.05416666666666667 0.1685185185185185 0.034375 0.02962962962962963
0 0.09270833333333334 0.1425925925925926 0.053125 0.05925925925925926
0 0.5854166666666667 0.3990740740740741 0.07291666666666667 0.14074074074074075
0 0.09348958333333333 0.06111111111111111 0.013020833333333334 0.016666666666666666
0 0.16458333333333333 0.038425925925925926 0.010416666666666666 0.012037037037037037
0 0.17864583333333334 0.07361111111111111 0.013541666666666667 0.017592592592592594
0 0.31953125 0.015277777777777777 0.009895833333333333 0.013888888888888888
0 0.36041666666666666 0.022685185185185187 0.009375 0.01574074074074074
0 0.50546875 0.052314814814814814 0.022395833333333334 0.032407407407407406
0 0.6552083333333333 0.1037037037037037 0.023958333333333335 0.05185185185185185
0 0.77265625 0.13055555555555556 0.0453125 0.06666666666666667
0 0.8526041666666667 0.05416666666666667 0.019791666666666666 0.041666666666666664
0 0.8291666666666667 0.08796296296296297 0.011458333333333333 0.040740740740740744
0 0.08020833333333334 0.06574074074074074 0.011458333333333333 0.018518518518518517
0 0.3346354166666667 0.02175925925925926 0.0078125 0.013888888888888888
0 0.8140625 0.10138888888888889 0.017708333333333333 0.04351851851851852
0 0.8059895833333334 0.010648148148148148 0.015104166666666667 0.01574074074074074
0 0.95859375 0.014351851851851852 0.0171875 0.017592592592592594
