0 0.7020833333333333 0.15138888888888888 0.022916666666666665 0.025
0 0.9317708333333333 0.10740740740740741 0.022916666666666665 0.025925925925925925
0 0.8455729166666667 0.1476851851851852 0.028645833333333332 0.026851851851851852
0 0.71953125 0.12962962962962962 0.0265625 0.02962962962962963
0 0.7158854166666667 0.1699074074074074 0.025520833333333333 0.023148148148148147
0 0.7596354166666667 0.13194444444444445 0.0265625 0.030555555555555555
0 0.728125 0.20833333333333334 0.030208333333333334 0.027777777777777776
0 0.6807291666666667 0.2759259259259259 0.040625 0.040740740740740744
0 0.8026041666666667 0.1337962962962963 0.014583333333333334 0.01574074074074074
0 0.9072916666666667 0.11851851851851852 0.015625 0.018518518518518517
0 0.9111979166666667 0.11018518518518519 0.015104166666666667 0.014814814814814815
0 0.9890625 0.3300925925925926 0.021875 0.03425925925925926
