0 0.7177083333333333 0.03796296296296296 0.0125 0.022222222222222223
0 0.6981770833333333 0.046296296296296294 0.016145833333333335 0.03888888888888889
0 0.6015625 0.022222222222222223 0.029166666666666667 0.02962962962962963
0 0.4200520833333333 0.43194444444444446 0.06197916666666667 0.09537037037037037
0 0.5255208333333333 0.22175925925925927 0.016666666666666666 0.07685185185185185
0 0.7640625 0.03518518518518519 0.010416666666666666 0.022222222222222223
0 0.6377604166666667 0.1111111111111111 0.022395833333333334 0.040740740740740744
0 0.6484375 0.08055555555555556 0.014583333333333334 0.022222222222222223
0 0.7768229166666667 0.013888888888888888 0.009895833333333333 0.025925925925925925
0 0.7901041666666667 0.008333333333333333 0.009375 0.014814814814814815
0 0.709375 0.043055555555555555 0.00625 0.01574074074074074
0 0.7838541666666666 0.015277777777777777 0.007291666666666667 0.01574074074074074
