0 0.828 0.9913333333333333 0.04 0.017333333333333333
0 0.7345 0.9726666666666667 0.029 0.028
0 0.7945 0.9513333333333334 0.019 0.012
0 0.349 0.8606666666666667 0.038 0.044
0 0.8215 0.8386666666666667 0.011 0.029333333333333333
0 0.335 0.7313333333333333 0.012 0.017333333333333333
0 0.3465 0.6866666666666666 0.037 0.029333333333333333
0 0.7175 0.6986666666666667 0.021 0.058666666666666666
0 0.505 0.6606666666666666 0.032 0.036
0 0.5255 0.65 0.017 0.017333333333333333
0 0.854 0.6346666666666667 0.038 0.029333333333333333
0 0.584 0.5306666666666666 0.014 0.010666666666666666
0 0.674 0.37733333333333335 0.016 0.06133333333333333
0 0.5355 0.3353333333333333 0.017 0.017333333333333333
0 0.988 0.328 0.024 0.037333333333333336
0 0.3515 0.282 0.017 0.025333333333333333
0 0.5145 0.18533333333333332 0.019 0.013333333333333334
0 0.2115 0.17266666666666666 0.015 0.025333333333333333
0 0.5115 0.168 0.015 0.018666666666666668
0 0.2225 0.16466666666666666 0.015 0.02
0 0.279 0.14733333333333334 0.016 0.014666666666666666
0 0.748 0.12266666666666666 0.01 0.018666666666666668
0 0.29 0.12266666666666666 0.024 0.02666666666666667
0 0.927 0.114 0.016 0.025333333333333333
0 0.753 0.11333333333333333 0.018 0.024
0 0.189 0.08733333333333333 0.016 0.014666666666666666
0 0.792 0.072 0.03 0.034666666666666665
0 0.916 0.06333333333333334 0.018 0.025333333333333333
0 0.896 0.014 0.048 0.028
0 0.9705 0.33 0.021 0.03333333333333333
