0 0.362 0.8973333333333333 0.052 0.02666666666666667
0 0.1335 0.886 0.023 0.052
0 0.8185 0.8366666666666667 0.013 0.03866666666666667
0 0.3875 0.8193333333333334 0.041 0.03333333333333333
0 0.858 0.7886666666666666 0.016 0.036
0 0.1615 0.7173333333333334 0.023 0.010666666666666666
0 0.152 0.5993333333333334 0.012 0.028
0 0.083 0.586 0.022 0.02
0 0.5015 0.4706666666666667 0.047 0.02666666666666667
0 0.6665 0.4013333333333333 0.027 0.04
0 0.736 0.32466666666666666 0.016 0.017333333333333333
0 0.129 0.034 0.026 0.017333333333333333
0 0.464 0.038 0.026 0.03866666666666667
