0 0.78515625 0.7097222222222223 0.024479166666666666 0.013888888888888888
0 0.81171875 0.5282407407407408 0.015104166666666667 0.01574074074074074
0 0.85859375 0.5430555555555555 0.018229166666666668 0.013888888888888888
0 0.76015625 0.7217592592592592 0.025520833333333333 0.019444444444444445
0 0.9369791666666667 0.5416666666666666 0.015625 0.03518518518518519
0 0.5565104166666667 0.047685185185185185 0.016145833333333335 0.026851851851851852
0 0.7369791666666666 0.11064814814814815 0.021875 0.023148148148148147
0 0.47265625 0.20694444444444443 0.019270833333333334 0.03796296296296296
0 0.7619791666666667 0.6444444444444445 0.021875 0.022222222222222223
0 0.71171875 0.287962962962963 0.024479166666666666 0.020370370370370372
0 0.36171875 0.2175925925925926 0.019270833333333334 0.040740740740740744
