0 0.173 0.556 0.024 0.05333333333333334
0 0.256 0.432 0.024 0.032
0 0.225 0.39866666666666667 0.02 0.037333333333333336
0 0.4845 0.29933333333333334 0.043 0.036
0 0.1075 0.27466666666666667 0.049 0.04
0 0.686 0.24666666666666667 0.022 0.013333333333333334
0 0.3795 0.19133333333333333 0.033 0.02266666666666667
0 0.067 0.14533333333333334 0.026 0.034666666666666665
0 0.7215 0.14133333333333334 0.045 0.032
0 0.567 0.13 0.026 0.014666666666666666
0 0.088 0.14266666666666666 0.042 0.042666666666666665
0 0.993 0.14733333333333334 0.014 0.05466666666666667
0 0.586 0.12333333333333334 0.02 0.030666666666666665
0 0.4065 0.112 0.027 0.024
0 0.882 0.07666666666666666 0.042 0.028
0 0.776 0.050666666666666665 0.022 0.021333333333333333
0 0.933 0.034666666666666665 0.014 0.02666666666666667
