0 0.186 0.7466666666666667 0.022 0.013333333333333334
0 0.5865 0.722 0.023 0.044
0 0.6325 0.676 0.023 0.016
0 0.5865 0.6566666666666666 0.021 0.02266666666666667
0 0.2215 0.6413333333333333 0.045 0.032
0 0.067 0.63 0.026 0.014666666666666666
0 0.496 0.6473333333333333 0.02 0.05466666666666667
0 0.086 0.6233333333333333 0.02 0.030666666666666665
0 0.382 0.5766666666666667 0.042 0.028
0 0.276 0.5506666666666666 0.022 0.021333333333333333
0 0.603 0.544 0.014 0.034666666666666665
0 0.433 0.5346666666666666 0.014 0.02666666666666667
0 0.7965 0.49866666666666665 0.011 0.016
0 0.817 0.49533333333333335 0.028 0.05466666666666667
0 0.457 0.41533333333333333 0.022 0.025333333333333333
0 0.369 0.20533333333333334 0.016 0.024
0 0.3945 0.16866666666666666 0.017 0.02
0 0.491 0.162 0.028 0.017333333333333333
