0 0.020052083333333335 0.07685185185185185 0.0328125 0.03888888888888889
0 0.11770833333333333 0.17592592592592593 0.05 0.04814814814814815
0 0.034895833333333334 0.0787037037037037 0.016666666666666666 0.018518518518518517
0 0.2877604166666667 0.10787037037037037 0.0265625 0.032407407407407406
0 0.5177083333333333 0.14537037037037037 0.03958333333333333 0.046296296296296294
0 0.5609375 0.14675925925925926 0.013541666666666667 0.05648148148148148
0 0.5815104166666667 0.10648148148148148 0.013020833333333334 0.03333333333333333
0 0.6205729166666667 0.0824074074074074 0.0265625 0.05740740740740741
0 0.6026041666666667 0.07037037037037037 0.0125 0.05
0 0.6182291666666667 0.05694444444444444 0.017708333333333333 0.032407407407407406
0 0.11354166666666667 0.06851851851851852 0.008333333333333333 0.020370370370370372
0 0.11015625 0.07731481481481481 0.009895833333333333 0.010185185185185186
0 0.5932291666666667 0.01574074074074074 0.0125 0.024074074074074074
0 0.5830729166666667 0.013425925925925926 0.0171875 0.025
0 0.5544270833333333 0.021296296296296296 0.009895833333333333 0.024074074074074074
0 0.5604166666666667 0.024537037037037038 0.013541666666666667 0.017592592592592594
