0 0.708 0.9906666666666667 0.034 0.018666666666666668
0 0.125 0.9806666666666667 0.022 0.017333333333333333
0 0.799 0.8933333333333333 0.022 0.064
0 0.6535 0.5933333333333334 0.049 0.029333333333333333
0 0.4875 0.5106666666666667 0.019 0.037333333333333336
0 0.076 0.5066666666666667 0.026 0.034666666666666665
0 0.061 0.40066666666666667 0.016 0.017333333333333333
0 0.052 0.386 0.014 0.017333333333333333
0 0.936 0.22733333333333333 0.044 0.05733333333333333
0 0.6935 0.14133333333333334 0.027 0.021333333333333333
0 0.7915 0.11266666666666666 0.031 0.028
