0 0.673 0.9566666666666667 0.042 0.036
0 0.2535 0.952 0.043 0.02666666666666667
0 0.507 0.944 0.022 0.021333333333333333
0 0.958 0.7553333333333333 0.038 0.06
0 0.369 0.632 0.03 0.048
0 0.4925 0.4633333333333333 0.025 0.02
0 0.4925 0.45266666666666666 0.013 0.012
0 0.817 0.4126666666666667 0.02 0.03333333333333333
0 0.991 0.38533333333333336 0.018 0.029333333333333333
0 0.846 0.388 0.038 0.037333333333333336
0 0.8095 0.38266666666666665 0.023 0.02666666666666667
0 0.4715 0.24933333333333332 0.015 0.034666666666666665
0 0.0605 0.08266666666666667 0.039 0.05333333333333334
0 0.3845 0.6073333333333333 0.015 0.014666666666666666
