0 0.6057291666666667 0.04814814814814815 0.013541666666666667 0.018518518518518517
0 0.25703125 0.03657407407407407 0.03177083333333333 0.032407407407407406
0 0.2911458333333333 0.038425925925925926 0.015625 0.017592592592592594
0 0.6346354166666667 0.07407407407407407 0.018229166666666668 0.014814814814814815
0 0.3885416666666667 0.053703703703703705 0.016666666666666666 0.018518518518518517
0 0.18567708333333333 0.07361111111111111 0.022395833333333334 0.021296296296296296
0 0.4421875 0.05925925925925926 0.015625 0.016666666666666666
0 0.6453125 0.04212962962962963 0.020833333333333332 0.019444444444444445
0 0.3263020833333333 0.03657407407407407 0.0265625 0.025
0 0.6596354166666667 0.06851851851851852 0.028645833333333332 0.027777777777777776
0 0.5619791666666667 0.11574074780499494 0.019791666666666666 0.024074091734709563
0 0.0765625 0.07685185185185185 0.019791666666666666 0.027777777777777776
0 0.51484375 0.06342592592592593 0.0265625 0.028703703703703703
0 0.5432291666666667 0.05648148148148148 0.029166666666666667 0.025925925925925925
0 0.5317708333333333 0.39861111111111114 0.051041666666666666 0.05462962962962963
0 0.26588541666666665 0.2828703421133536 0.04010416666666667 0.054629594308358655
0 0.465625 0.05185185185185185 0.026041666666666668 0.03148148148148148
0 0.16770833333333332 0.06435185185185185 0.0375 0.041666666666666664
0 0.5924479166666666 0.10787037037037037 0.03697916666666667 0.03611111111111111
0 0.08958333333333333 0.2759259259259259 0.07083333333333333 0.07962962962962963
0 0.4921875 0.3319444727014612 0.06354166666666666 0.07314819759792751
0 0.54453125 0.48935185185185187 0.1078125 0.11574074074074074
0 0.6856770833333333 0.4013888888888889 0.0609375 0.14166666666666666
0 0.2596354166666667 0.04537037037037037 0.0171875 0.016666666666666666
0 0.2721354166666667 0.04398148148148148 0.0109375 0.012037037037037037
0 0.43020833333333336 0.02962962962962963 0.011458333333333333 0.014814814814814815
0 0.5002604166666667 0.031018518518518518 0.016145833333333335 0.01574074074074074
0 0.5041666666666667 0.07268518518518519 0.01875 0.019444444444444445
0 0.43333333333333335 0.05138888888888889 0.010416666666666666 0.01574074074074074
0 0.6 0.06759259259259259 0.011458333333333333 0.020370370370370372
0 0.6302083333333334 0.052314814814814814 0.017708333333333333 0.017592592592592594
0 0.865625 0.05740740740740741 0.0125 0.014814814814814815
0 0.7588541666666667 0.044444444444444446 0.016666666666666666 0.007407407407407408
0 0.8997395833333334 0.07453703703703704 0.009895833333333333 0.017592592592592594
0 0.653125 0.04861111111111111 0.010416666666666666 0.012037037037037037
