0 0.1 0.994 0.026 0.012
0 0.0495 0.9686666666666667 0.023 0.03333333333333333
0 0.228 0.9366666666666666 0.03 0.028
0 0.421 0.944 0.036 0.050666666666666665
0 0.408 0.892 0.05 0.02666666666666667
0 0.014 0.8813333333333333 0.016 0.034666666666666665
0 0.317 0.86 0.022 0.042666666666666665
0 0.6195 0.8093333333333333 0.053 0.042666666666666665
0 0.8235 0.6466666666666666 0.019 0.032
0 0.739 0.5693333333333334 0.034 0.05333333333333334
0 0.6885 0.49333333333333335 0.019 0.032
0 0.49 0.4706666666666667 0.028 0.04
0 0.6655 0.432 0.019 0.04
0 0.5575 0.3973333333333333 0.033 0.037333333333333336
0 0.488 0.10666666666666667 0.02 0.058666666666666666
0 0.402 0.078 0.046 0.03333333333333333
0 0.5495 0.064 0.011 0.024
