0 0.6059895833333333 0.06712962962962964 0.0078125 0.017592592592592594
0 0.4192708333333333 0.044444444444444446 0.013541666666666667 0.014814814814814815
0 0.31979166666666664 0.06157407407407407 0.014583333333333334 0.019444444444444445
0 0.6505208333333333 0.07222222222222222 0.014583333333333334 0.012962962962962963
0 0.6234375 0.04490740740740741 0.019791666666666666 0.019444444444444445
0 0.2921875 0.06527777777777778 0.017708333333333333 0.021296296296296296
0 0.5916666666666667 0.05092592592592592 0.013541666666666667 0.016666666666666666
0 0.45416666666666666 0.06805555555555555 0.015625 0.019444444444444445
0 0.58515625 0.08101851851851852 0.0171875 0.019444444444444445
0 0.42682291666666666 0.06944444444444445 0.018229166666666668 0.018518518518518517
0 0.33828125 0.06435185185185185 0.0140625 0.017592592592592594
0 0.34427083333333336 0.0912037037037037 0.016666666666666666 0.017592592592592594
0 0.28411458333333334 0.08564814814814815 0.03697916666666667 0.03796296296296296
0 0.7005208333333334 0.06388888888888888 0.019791666666666666 0.024074074074074074
0 0.23776041666666667 0.10185185185185185 0.0234375 0.022222222222222223
0 0.3528645833333333 0.05694444444444444 0.022395833333333334 0.03425925925925926
0 0.5684895833333333 0.062037037037037036 0.0234375 0.022222222222222223
0 0.97265625 0.32546296296296295 0.0546875 0.041666666666666664
0 0.61796875 0.11527777777777778 0.019270833333333334 0.019444444444444445
0 0.032552083333333336 0.2916666666666667 0.06197916666666667 0.06481479362205222
0 0.2640625 0.06157407407407407 0.025 0.03796296296296296
0 0.49244791666666665 0.38935185185185184 0.044270833333333336 0.05277777777777778
0 0.64453125 0.10648148148148148 0.03177083333333333 0.03148148148148148
0 0.5518229166666667 0.3768518518518518 0.04010416666666667 0.05
0 0.87421875 0.30833333333333335 0.04635416666666667 0.04814814814814815
0 0.5361979166666667 0.06851851851851852 0.024479166666666666 0.02962962962962963
0 0.4856770833333333 0.06574074074074074 0.024479166666666666 0.03518518518518519
0 0.6083333333333333 0.3458333333333333 0.065625 0.08611111111111111
0 0.9354166666666667 0.2777777777777778 0.05520833333333333 0.06851851851851852
0 0.5145833333333333 0.2972222222222222 0.06979166666666667 0.07962962962962963
0 0.20338541666666668 0.3287037037037037 0.07760416666666667 0.09814814814814815
0 0.7559895833333333 0.42175928751627606 0.08489588896433513 0.08425929458053023
0 0.85625 0.056018518518518516 0.007291666666666667 0.012037037037037037
0 0.81484375 0.044444444444444446 0.005729166666666666 0.009259259259259259
0 0.6854166666666667 0.040740740740740744 0.011458333333333333 0.007407407407407408
0 0.634375 0.04953703703703704 0.009375 0.010185185185185186
0 0.61875 0.05462962962962963 0.017708333333333333 0.014814814814814815
0 0.48802083333333335 0.043055555555555555 0.014583333333333334 0.017592592592592594
0 0.48463541666666665 0.07546296296296297 0.015104166666666667 0.01574074074074074
0 0.7221354166666667 0.038425925925925926 0.0046875 0.006481481481481481
