0 0.6549479166666666 0.09305555555555556 0.03177083333333333 0.04537037037037037
0 0.00625 0.11851851851851852 0.0125 0.02962962962962963
0 0.17395833333333333 0.07222222222222222 0.014583333333333334 0.016666666666666666
0 0.07083333333333333 0.05324074074074074 0.03229166666666667 0.03611111111111111
0 0.047916682561238606 0.09953701584427445 0.014583364129066467 0.019444398526792174
0 0.017447916666666667 0.07361111111111111 0.028645833333333332 0.021296296296296296
0 0.20130208333333333 0.055092592592592596 0.021354166666666667 0.032407407407407406
0 0.04973958333333333 0.16712962962962963 0.025520833333333333 0.030555555555555555
0 0.08619791666666667 0.14027777777777778 0.05364583333333333 0.058333333333333334
0 0.5591145833333333 0.3851851851851852 0.07239583333333334 0.14074074074074075
0 0.06432291666666666 0.07222222222222222 0.027604166666666666 0.020370370370370372
0 0.08880208333333334 0.05925925925925926 0.015104166666666667 0.014814814814814815
0 0.16145833333333334 0.037037037037037035 0.011458333333333333 0.011111111111111112
0 0.315625 0.01574074074074074 0.008333333333333333 0.016666666666666666
0 0.35598958333333336 0.021296296296296296 0.008854166666666666 0.014814814814814815
0 0.5 0.05 0.021875 0.02962962962962963
0 0.76484375 0.12407407407407407 0.0453125 0.06481481481481481
0 0.8393229166666667 0.062037037037037036 0.025520833333333333 0.053703703703703705
0 0.8067708333333333 0.08935185185185185 0.013541666666666667 0.03425925925925926
0 0.33125 0.021296296296296296 0.008333333333333333 0.011111111111111112
0 0.8033854166666666 0.008333333333333333 0.015104166666666667 0.014814814814814815
0 0.7966145833333333 0.09444444444444444 0.013020833333333334 0.03148148148148148
0 0.8190104166666666 0.09259259259259259 0.0109375 0.03518518518518519
0 0.7981770833333334 0.11990740740740741 0.0109375 0.030555555555555555
0 0.9578125 0.011111111111111112 0.016666666666666666 0.018518518518518517
