0 0.989 0.9706666666666667 0.022 0.02666666666666667
0 0.058 0.72 0.046 0.02666666666666667
0 0.629 0.534 0.026 0.017333333333333333
0 0.964 0.538 0.026 0.03866666666666667
0 0.863 0.472 0.022 0.016
0 0.719 0.47533333333333333 0.032 0.028
0 0.02 0.47733333333333333 0.04 0.04533333333333334
0 0.727 0.45466666666666666 0.012 0.013333333333333334
0 0.7405 0.4593333333333333 0.015 0.03866666666666667
0 0.656 0.426 0.016 0.030666666666666665
0 0.357 0.426 0.024 0.06
0 0.268 0.30933333333333335 0.032 0.04533333333333334
0 0.481 0.25866666666666666 0.016 0.034666666666666665
