0 0.5025 0.992 0.041 0.016
0 0.7935 0.918 0.013 0.03333333333333333
0 0.7885 0.8826666666666667 0.023 0.018666666666666668
0 0.8815 0.88 0.009 0.021333333333333333
0 0.7875 0.8386666666666667 0.025 0.02666666666666667
0 0.5925 0.788 0.019 0.032
0 0.722 0.7706666666666667 0.028 0.042666666666666665
0 0.7065 0.7606666666666667 0.019 0.02266666666666667
0 0.7905 0.748 0.043 0.032
0 0.573 0.7246666666666667 0.02 0.03333333333333333
0 0.3995 0.7373333333333333 0.015 0.058666666666666666
0 0.4085 0.6793333333333333 0.015 0.02266666666666667
0 0.524 0.6766666666666666 0.022 0.02
0 0.473 0.44266666666666665 0.016 0.018666666666666668
0 0.377 0.4266666666666667 0.014 0.018666666666666668
0 0.3465 0.432 0.041 0.029333333333333333
0 0.4525 0.446 0.017 0.06
0 0.463 0.33 0.016 0.036
0 0.861 0.328 0.016 0.06133333333333333
0 0.1105 0.222 0.011 0.030666666666666665
0 0.1115 0.037333333333333336 0.027 0.021333333333333333
