0 0.005729166666666666 0.08101851145426432 0.010416666666666666 0.03611109345047562
0 0.039322916666666666 0.07407407407407407 0.016145833333333335 0.022222222222222223
0 0.80390625 0.17037037037037037 0.0296875 0.07222222222222222
0 0.7145833333333333 0.21203703703703702 0.028125 0.040740740740740744
0 0.20390625 0.06944444444444445 0.0203125 0.020370370370370372
0 0.04765625 0.09398148148148149 0.04635416666666667 0.03981481481481482
0 0.16875 0.04861111111111111 0.015625 0.01574074074074074
0 0.36041666666666666 0.06018518518518518 0.015625 0.022222222222222223
0 0.3953125 0.08981481481481482 0.014583333333333334 0.020370370370370372
0 0.03359375 0.10787037037037037 0.025520833333333333 0.026851851851851852
0 0.4791666666666667 0.2814814814814815 0.034375 0.03518518518518519
0 0.39088541666666665 0.029166666666666667 0.0203125 0.023148148148148147
0 0.24921875 0.06018518518518518 0.0296875 0.03333333333333333
0 0.33645833333333336 0.04814814814814815 0.021875 0.027777777777777776
0 0.7130208333333333 0.18009259259259258 0.052083333333333336 0.05648148148148148
0 0.5083333333333333 0.27175925925925926 0.034375 0.03981481481481482
0 0.3046875 0.05787037037037037 0.023958333333333335 0.030555555555555555
0 0.08177084922790527 0.10277776364926938 0.020833365122477212 0.02222219396520544
0 0.08411458333333334 0.06527777777777778 0.03177083333333333 0.03796296296296296
0 0.634375 0.21342592592592594 0.028125 0.04537037037037037
0 0.5598958333333334 0.22916666666666666 0.06145833333333333 0.0824074074074074
0 0.6549479166666666 0.29074074074074074 0.059895833333333336 0.08148148148148149
0 0.4265625 0.25787037037037036 0.07604166666666666 0.0787037037037037
0 0.41692708333333334 0.07685185185185185 0.030729166666666665 0.037037037037037035
0 0.06692708333333333 0.07592592592592592 0.0203125 0.020370370370370372
0 0.21171875 0.06712962962962964 0.022395833333333334 0.019444444444444445
0 0.24791666666666667 0.07268518518518519 0.015625 0.01574074074074074
0 0.24947916666666667 0.03796296296296296 0.016666666666666666 0.018518518518518517
0 0.3609375 0.03796296296296296 0.014583333333333334 0.020370370370370372
0 0.378125 0.049074074074074076 0.005208333333333333 0.018518518518518517
0 0.4044270833333333 0.03148148148148148 0.009895833333333333 0.011111111111111112
0 0.3885416666666667 0.037037037037037035 0.017708333333333333 0.014814814814814815
0 0.44895833333333335 0.019444444444444445 0.007291666666666667 0.007407407407407408
0 0.4518229166666667 0.04259259259259259 0.015104166666666667 0.014814814814814815
0 0.4765625 0.03194444444444444 0.0125 0.028703703703703703
0 0.71640625 0.04490740740740741 0.0171875 0.025
0 0.6005208333333333 0.017592592592592594 0.008333333333333333 0.016666666666666666
0 0.5651041666666666 0.008333333333333333 0.008333333333333333 0.012962962962962963
