0 0.752 0.9853333333333333 0.022 0.029333333333333333
0 0.5335 0.924 0.029 0.018666666666666668
0 0.5775 0.7726666666666666 0.021 0.02266666666666667
0 0.4695 0.774 0.033 0.03866666666666667
0 0.4005 0.7346666666666667 0.023 0.02666666666666667
0 0.0785 0.7113333333333334 0.013 0.028
0 0.9805 0.6453333333333333 0.023 0.06666666666666667
0 0.7095 0.47933333333333333 0.039 0.04933333333333333
0 0.094 0.412 0.026 0.024
0 0.1745 0.362 0.021 0.04133333333333333
0 0.323 0.33866666666666667 0.028 0.056
0 0.063 0.22733333333333333 0.022 0.06533333333333333
0 0.0795 0.6186666666666667 0.013 0.02666666666666667
0 0.5395 0.7473333333333333 0.013 0.030666666666666665
