0 0.806 0.9926666666666667 0.038 0.014666666666666666
0 0.696 0.9893333333333333 0.032 0.021333333333333333
0 0.414 0.982 0.016 0.036
0 0.378 0.9393333333333334 0.038 0.03333333333333333
0 0.5855 0.7526666666666667 0.045 0.03333333333333333
0 0.465 0.7153333333333334 0.014 0.028
0 0.4515 0.7033333333333334 0.013 0.017333333333333333
0 0.4285 0.6733333333333333 0.015 0.02666666666666667
0 0.5995 0.662 0.021 0.017333333333333333
0 0.263 0.6173333333333333 0.046 0.02666666666666667
0 0.962 0.5533333333333333 0.02 0.032
0 0.65 0.48133333333333334 0.024 0.06133333333333333
0 0.0755 0.41333333333333333 0.023 0.018666666666666668
0 0.068 0.3473333333333333 0.018 0.017333333333333333
0 0.1615 0.36666666666666664 0.019 0.06133333333333333
0 0.5635 0.3433333333333333 0.013 0.036
0 0.6595 0.324 0.015 0.021333333333333333
0 0.0835 0.306 0.019 0.02266666666666667
0 0.071 0.2733333333333333 0.016 0.037333333333333336
0 0.1615 0.22 0.009 0.021333333333333333
0 0.5515 0.24 0.027 0.064
0 0.1475 0.22266666666666668 0.025 0.04
0 0.418 0.08666666666666667 0.03 0.018666666666666668
0 0.467 0.074 0.02 0.02
