0 0.86171875 0.7092592592592593 0.022395833333333334 0.024074074074074074
0 0.82265625 0.6805555555555556 0.0067708333333333336 0.024074074074074074
0 0.6403645833333333 0.14351851851851852 0.013020833333333334 0.027777777777777776
0 0.9364583333333333 0.7402777777777778 0.014583333333333334 0.041666666666666664
0 0.7442708333333333 0.8337962962962963 0.025 0.017592592592592594
0 0.8177083333333334 0.2601851851851852 0.021875 0.018518518518518517
0 0.5598958333333334 0.2462962962962963 0.019791666666666666 0.024074074074074074
0 0.7703125 0.4222222222222222 0.025 0.020370370370370372
0 0.7520833333333333 0.7657407407407407 0.026041666666666668 0.016666666666666666
0 0.45026041666666666 0.22592592592592592 0.019270833333333334 0.03148148148148148
0 0.7674479166666667 0.8337962962962963 0.0171875 0.01574074074074074
