0 0.025 0.7086666666666667 0.03 0.02
0 0.1135 0.43 0.027 0.014666666666666666
0 0.3635 0.2906666666666667 0.029 0.05333333333333334
0 0.21 0.16266666666666665 0.012 0.016
0 0.199 0.14466666666666667 0.022 0.030666666666666665
0 0.1465 0.13066666666666665 0.019 0.024
0 0.131 0.11933333333333333 0.02 0.028
0 0.8395 0.10066666666666667 0.013 0.030666666666666665
0 0.5865 0.084 0.015 0.029333333333333333
0 0.709 0.020666666666666667 0.052 0.025333333333333333
0 0.1245 0.017333333333333333 0.013 0.02666666666666667
0 0.0545 0.12066666666666667 0.025 0.028
