0 0.6725 0.3486666666666667 0.027 0.02266666666666667
0 0.159 0.3453333333333333 0.026 0.034666666666666665
0 0.86 0.2946666666666667 0.03 0.021333333333333333
0 0.8925 0.2786666666666667 0.031 0.042666666666666665
0 0.8675 0.244 0.025 0.029333333333333333
0 0.085 0.24 0.046 0.037333333333333336
0 0.9235 0.226 0.037 0.02
0 0.4725 0.23866666666666667 0.027 0.058666666666666666
0 0.5615 0.20533333333333334 0.015 0.037333333333333336
0 0.4055 0.214 0.031 0.06266666666666666
0 0.757 0.13666666666666666 0.052 0.03333333333333333
0 0.848 0.12866666666666668 0.032 0.025333333333333333
0 0.8765 0.12 0.015 0.037333333333333336
0 0.1375 0.008 0.017 0.016
