0 0.571875 0.0375 0.010416666666666666 0.01574074074074074
0 0.5013020833333334 0.4115740740740741 0.04843746821085612 0.04722219396520544
0 0.46328125 0.047685185185185185 0.016145833333333335 0.013888888888888888
0 0.48046875 0.049074074074074076 0.016145833333333335 0.018518518518518517
0 0.8088541666666667 0.08842593299018012 0.015624969204266866 0.013888897719206634
0 0.7661458333333333 0.07962962962962963 0.009375 0.018518518518518517
0 0.44140625 0.04814814814814815 0.016145833333333335 0.025925925925925925
0 0.5630208333333333 0.06111111111111111 0.017708333333333333 0.020370370370370372
0 0.7916666666666666 0.056018518518518516 0.022916666666666665 0.023148148148148147
0 0.41744791666666664 0.040740740740740744 0.022395833333333334 0.03148148148148148
0 0.59765625 0.06435185185185185 0.018229166666666668 0.019444444444444445
0 0.4627604166666667 0.0699074074074074 0.021354166666666667 0.023148148148148147
0 0.7216145833333333 0.0712962962962963 0.024479166666666666 0.025925925925925925
0 0.7270833333333333 0.09166666666666666 0.020833333333333332 0.018518518518518517
0 0.40963541666666664 0.06574074074074074 0.030729166666666665 0.03518518518518519
0 0.8705729166666667 0.0837962962962963 0.028645833333333332 0.025
0 0.32369791666666664 0.08287037037037037 0.0234375 0.025
0 0.6307291666666667 0.06481481481481481 0.027083333333333334 0.037037037037037035
0 0.7674479166666667 0.1337962962962963 0.024479166666666666 0.021296296296296296
0 0.5010416666666667 0.04398148148148148 0.021875 0.030555555555555555
0 0.68515625 0.07592592592592592 0.027604166666666666 0.02962962962962963
0 0.55703125 0.4078703703703704 0.04635416666666667 0.049074091734709564
0 0.7979166666666667 0.4824075204354745 0.04479166666666667 0.09814833181875723
0 0.8002604166666667 0.12638888888888888 0.03697916666666667 0.03981481481481482
0 0.18255208333333334 0.22175925925925927 0.06197916666666667 0.06018518518518518
0 0.5549479166666667 0.2962962962962963 0.06822916666666666 0.08518518518518518
0 0.28880208333333335 0.2828703703703704 0.06614583333333333 0.09166666666666666
0 0.62265625 0.3851851569281684 0.07552088896433512 0.07962959430835866
0 0.6411458333333333 0.04027777777777778 0.017708333333333333 0.019444444444444445
0 0.6286458333333333 0.07453703703703704 0.01875 0.01574074074074074
0 0.7544270833333333 0.06018518518518518 0.015104166666666667 0.018518518518518517
0 0.8786458333333333 0.05694444444444444 0.014583333333333334 0.010185185185185186
0 0.7848958333333333 0.06620370370370371 0.019791666666666666 0.017592592592592594
0 0.803125 0.0625 0.009375 0.012037037037037037
0 0.91875 0.058333333333333334 0.003125 0.005555555555555556
