0 0.3655 0.9186666666666666 0.021 0.06666666666666667
0 0.307 0.7406666666666667 0.03 0.02266666666666667
0 0.2595 0.728 0.025 0.018666666666666668
0 0.472 0.7226666666666667 0.026 0.06666666666666667
0 0.9425 0.6686666666666666 0.019 0.014666666666666666
0 0.962 0.67 0.014 0.03866666666666667
0 0.0835 0.6166666666666667 0.015 0.036
0 0.099 0.6126666666666667 0.016 0.04133333333333333
0 0.899 0.528 0.026 0.021333333333333333
0 0.9295 0.5266666666666666 0.049 0.029333333333333333
0 0.106 0.49933333333333335 0.048 0.03866666666666667
0 0.731 0.502 0.032 0.05733333333333333
0 0.718 0.314 0.018 0.02
0 0.946 0.2793333333333333 0.026 0.014666666666666666
0 0.6485 0.2786666666666667 0.013 0.034666666666666665
0 0.9365 0.25933333333333336 0.021 0.02266666666666667
0 0.8395 0.24866666666666667 0.031 0.04133333333333333
0 0.8385 0.21733333333333332 0.027 0.016
0 0.9905 0.21133333333333335 0.019 0.036
0 0.523 0.15133333333333332 0.018 0.028
0 0.6645 0.04066666666666666 0.037 0.03866666666666667
