0 0.109 0.768 0.038 0.05333333333333334
0 0.474 0.6806666666666666 0.026 0.04133333333333333
0 0.682 0.6066666666666667 0.052 0.021333333333333333
0 0.3745 0.45866666666666667 0.033 0.042666666666666665
0 0.431 0.3893333333333333 0.02 0.021333333333333333
0 0.041 0.06533333333333333 0.014 0.029333333333333333
0 0.025 0.05333333333333334 0.024 0.021333333333333333
0 0.0155 0.030666666666666665 0.031 0.029333333333333333
0 0.691 0.007333333333333333 0.016 0.014666666666666666
0 0.437 0.4053333333333333 0.024 0.016
