0 0.039322916666666666 0.031018518518518518 0.027604166666666666 0.023148148148148147
0 0.09010416666666667 0.01574074074074074 0.03125 0.027777777777777776
0 0.07395833333333333 0.09537037037037037 0.023958333333333335 0.025925925925925925
0 0.2953125 0.059722222222222225 0.028125 0.03611111111111111
0 0.0765625 0.13472222222222222 0.03854166666666667 0.028703703703703703
0 0.10260416666666666 0.06805555555555555 0.030208333333333334 0.025
0 0.12083333333333333 0.1087962962962963 0.057291666666666664 0.05462962962962963
0 0.08697916666666666 0.03194444444444444 0.026041666666666668 0.019444444444444445
0 0.6875 0.07546296296296297 0.013541666666666667 0.049074074074074076
0 0.5229166666666667 0.030555555555555555 0.023958333333333335 0.03333333333333333
0 0.7263020833333333 0.21944444444444444 0.033854166666666664 0.08888888888888889
0 0.8763020833333334 0.0625 0.0171875 0.04722222222222222
0 0.8559895833333333 0.06805555555555555 0.013020833333333334 0.025
0 0.8927083333333333 0.05740740740740741 0.022916666666666665 0.04814814814814815
0 0.1078125 0.019444444444444445 0.00625 0.014814814814814815
0 0.09375 0.02546296296296296 0.014583333333333334 0.012037037037037037
0 0.91015625 0.07037037037037037 0.024479166666666666 0.044444444444444446
