0 0.5985 0.9893333333333333 0.039 0.021333333333333333
0 0.8095 0.9146666666666666 0.023 0.024
0 0.849 0.8546666666666667 0.024 0.034666666666666665
0 0.8905 0.8266666666666667 0.023 0.021333333333333333
0 0.9055 0.7526666666666667 0.023 0.06
0 0.734 0.7173333333333334 0.03 0.024
0 0.5545 0.7246666666666667 0.037 0.04933333333333333
0 0.608 0.6433333333333333 0.018 0.03866666666666667
0 0.882 0.548 0.052 0.029333333333333333
0 0.832 0.2833333333333333 0.022 0.052
0 0.683 0.152 0.02 0.013333333333333334
0 0.8665 0.16133333333333333 0.043 0.048
0 0.514 0.10733333333333334 0.036 0.036
0 0.829 0.020666666666666667 0.018 0.036
0 0.5045 0.014 0.021 0.028
0 0.553 0.01 0.014 0.02
0 0.6765 0.008 0.031 0.016
0 0.9835 0.006 0.025 0.012
