0 0.6158854166666666 0.04398148148148148 0.021354166666666667 0.028703703703703703
0 0.6901041666666666 0.10138888888888889 0.01875 0.021296296296296296
0 0.53671875 0.0412037037037037 0.016145833333333335 0.026851851851851852
0 0.584375 0.052314814814814814 0.014583333333333334 0.019444444444444445
0 0.35104166666666664 0.020370370370370372 0.021875 0.024074074074074074
0 0.5208333333333334 0.04212962962962963 0.016666666666666666 0.01574074074074074
0 0.7638020833333333 0.06342592592592593 0.0171875 0.025
0 0.6359375 0.052314814814814814 0.026041666666666668 0.023148148148148147
0 0.1125 0.15185185185185185 0.01875 0.03518518518518519
0 0.21380208333333334 0.05925925925925926 0.019270833333333334 0.020370370370370372
0 0.40651041666666665 0.026851851851851852 0.0203125 0.024074074074074074
0 0.8057291666666667 0.38842592592592595 0.09479166666666666 0.08425925925925926
0 0.015625 0.19305555555555556 0.030208333333333334 0.06388888888888888
0 0.31927083333333334 0.04583333333333333 0.025 0.03981481481481482
0 0.14583333333333334 0.14814814814814814 0.052083333333333336 0.046296296296296294
0 0.7177083333333333 0.09583333333333334 0.035416666666666666 0.032407407407407406
0 0.17760416666666667 0.15555555555555556 0.020833333333333332 0.025925925925925925
0 0.20208333333333334 0.0625 0.014583333333333334 0.01574074074074074
0 0.37578125 0.027314814814814816 0.015104166666666667 0.021296296296296296
0 0.3848958333333333 0.030555555555555555 0.010416666666666666 0.012962962962962963
0 0.36953125 0.014814814814814815 0.013020833333333334 0.014814814814814815
0 0.54609375 0.044444444444444446 0.009895833333333333 0.016666666666666666
0 0.5609375 0.044444444444444446 0.013541666666666667 0.018518518518518517
0 0.5505208333333333 0.022222222222222223 0.010416666666666666 0.011111111111111112
0 0.61328125 0.025925925925925925 0.011979166666666667 0.012962962962962963
0 0.71796875 0.04259259259259259 0.0140625 0.016666666666666666
0 0.7161458333333334 0.06018518518518518 0.010416666666666666 0.018518518518518517
0 0.7440104166666667 0.07222222222222222 0.008854166666666666 0.016666666666666666
0 0.7434895833333334 0.049074074074074076 0.0171875 0.016666666666666666
0 0.75859375 0.038425925925925926 0.021354166666666667 0.023148148148148147
0 0.9833333333333333 0.056018518518518516 0.010416666666666666 0.012037037037037037
0 0.82890625 0.34305555555555556 0.030729166666666665 0.03796296296296296
0 0.7557291666666667 0.04722222222222222 0.007291666666666667 0.009259259259259259
0 0.7674479166666667 0.04722222222222222 0.0067708333333333336 0.007407407407407408
0 0.9505208333333334 0.09722222222222222 0.0010416666666666667 0.001851851851851852
