0 0.6424479166666667 0.09490740740740741 0.034895833333333334 0.04537037037037037
0 0.007552083333333333 0.04814814814814815 0.015104166666666667 0.014814814814814815
0 0.05546875 0.027314814814814816 0.0328125 0.030555555555555555
0 0.0203125 0.08611111111111111 0.03229166666666667 0.027777777777777776
0 0.22838541666666667 0.06712962962962964 0.0328125 0.030555555555555555
0 0.027604182561238606 0.11250002119276259 0.017708365122477213 0.02314819406580042
0 0.024479166666666666 0.15092592592592594 0.040625 0.027777777777777776
0 0.07369791666666667 0.1310185185185185 0.0609375 0.04722222222222222
0 0.04609375 0.0412037037037037 0.025520833333333333 0.019444444444444445
0 0.5393229166666667 0.3541666666666667 0.06510416666666667 0.11944444444444445
0 0.80703125 0.09259259259259259 0.033854166666666664 0.05555555555555555
0 0.8302083333333333 0.07592592592592592 0.030208333333333334 0.03888888888888889
0 0.07369791666666667 0.03009259259259259 0.0067708333333333336 0.017592592592592594
0 0.14869791666666668 0.00787037037037037 0.0140625 0.012037037037037037
0 0.055989583333333336 0.03935185185185185 0.013020833333333334 0.013888888888888888
0 0.28098958333333335 0.009722222222222222 0.0140625 0.019444444444444445
0 0.26901041666666664 0.005555555555555556 0.008854166666666666 0.011111111111111112
0 0.484375 0.041666666666666664 0.025 0.03333333333333333
0 0.8528645833333334 0.08194444444444444 0.025520833333333333 0.04722222222222222
