0 0.3625 0.65 0.027 0.03866666666666667
0 0.3355 0.6286666666666667 0.025 0.014666666666666666
0 0.333 0.5966666666666667 0.03 0.028
0 0.52 0.5433333333333333 0.04 0.036
0 0.1105 0.5373333333333333 0.017 0.037333333333333336
0 0.034 0.448 0.028 0.021333333333333333
0 0.113 0.41 0.038 0.04933333333333333
0 0.1575 0.37333333333333335 0.021 0.048
0 0.331 0.332 0.032 0.064
0 0.044 0.2966666666666667 0.036 0.025333333333333333
0 0.767 0.248 0.034 0.037333333333333336
0 0.8655 0.056666666666666664 0.027 0.03866666666666667
0 0.756 0.052 0.028 0.058666666666666666
