0 0.7235 0.916 0.025 0.064
0 0.6045 0.7973333333333333 0.033 0.042666666666666665
0 0.141 0.7546666666666667 0.038 0.02666666666666667
0 0.836 0.74 0.018 0.018666666666666668
0 0.684 0.636 0.018 0.016
0 0.338 0.35733333333333334 0.012 0.02666666666666667
0 0.299 0.29533333333333334 0.026 0.017333333333333333
0 0.1215 0.26466666666666666 0.013 0.025333333333333333
0 0.2635 0.218 0.017 0.012
0 0.558 0.22 0.046 0.02666666666666667
0 0.2475 0.21066666666666667 0.017 0.016
0 0.3325 0.16933333333333334 0.013 0.018666666666666668
