0 0.1145 0.9873333333333333 0.019 0.025333333333333333
0 0.1835 0.8406666666666667 0.015 0.036
0 0.97 0.8166666666666667 0.014 0.04133333333333333
0 0.801 0.8146666666666667 0.044 0.034666666666666665
0 0.949 0.7906666666666666 0.02 0.072
0 0.5175 0.722 0.019 0.036
0 0.6255 0.7006666666666667 0.019 0.028
0 0.6235 0.6706666666666666 0.023 0.032
0 0.566 0.6726666666666666 0.028 0.03866666666666667
0 0.1035 0.614 0.041 0.03866666666666667
0 0.6535 0.494 0.015 0.036
0 0.4545 0.19466666666666665 0.023 0.056
0 0.549 0.06266666666666666 0.032 0.06933333333333333
