0 0.9625 0.932 0.041 0.042666666666666665
0 0.7765 0.8793333333333333 0.031 0.1
0 0.93 0.8073333333333333 0.038 0.025333333333333333
0 0.9345 0.7613333333333333 0.031 0.024
0 0.857 0.7453333333333333 0.032 0.042666666666666665
0 0.9085 0.7393333333333333 0.029 0.03333333333333333
0 0.99 0.6586666666666666 0.02 0.02666666666666667
0 0.977 0.6326666666666667 0.046 0.028
0 0.9215 0.5353333333333333 0.039 0.04666666666666667
0 0.7015 0.4 0.021 0.032
0 0.765 0.37733333333333335 0.032 0.06133333333333333
0 0.701 0.302 0.028 0.02266666666666667
0 0.793 0.43066666666666664 0.03 0.032
