0 0.1725 0.9653333333333334 0.025 0.050666666666666665
0 0.152 0.902 0.032 0.030666666666666665
0 0.2985 0.8593333333333333 0.019 0.036
0 0.4795 0.87 0.033 0.07066666666666667
0 0.301 0.8193333333333334 0.042 0.05466666666666667
0 0.5245 0.7793333333333333 0.055 0.03866666666666667
0 0.2215 0.7706666666666667 0.043 0.042666666666666665
0 0.1105 0.6753333333333333 0.027 0.06533333333333333
0 0.3215 0.5806666666666667 0.025 0.030666666666666665
0 0.296 0.5673333333333334 0.026 0.05733333333333333
0 0.053 0.30933333333333335 0.02 0.06933333333333333
0 0.4265 0.278 0.029 0.014666666666666666
0 0.7005 0.22733333333333333 0.051 0.052
0 0.783 0.15866666666666668 0.022 0.024
0 0.8095 0.10733333333333334 0.025 0.028
0 0.8675 0.012 0.039 0.024
