0 0.46848958333333335 0.452777749520761 0.028645865122477212 0.07962959430835866
0 0.44817705154418946 0.43935162579571757 0.0640624483426412 0.11574027449996382
0 0.3302083333333333 0.0699074074074074 0.011458333333333333 0.03425925925925926
0 0.2752604166666667 0.08101851851851852 0.0234375 0.030555555555555555
0 0.25625 0.075 0.01875 0.024074074074074074
0 0.30182291666666666 0.06759259259259259 0.011979166666666667 0.018518518518518517
0 0.2911458333333333 0.07175925925925926 0.011458333333333333 0.021296296296296296
0 0.2760416666666667 0.06388888888888888 0.014583333333333334 0.012962962962962963
0 0.7481770833333333 0.06388888888888888 0.0140625 0.022222222222222223
0 0.72578125 0.07314814814814814 0.016145833333333335 0.018518518518518517
0 0.7036458333333333 0.07407407407407407 0.015625 0.012962962962962963
0 0.6888020833333334 0.07037037037037037 0.005729166666666666 0.014814814814814815
