0 0.28567708333333336 0.0587962962962963 0.015104166666666667 0.017592592592592594
0 0.30234375 0.04583333333333333 0.016145833333333335 0.030555555555555555
0 0.628125 0.1685185185185185 0.025 0.06111111111111111
0 0.6934895833333333 0.1574074074074074 0.033854166666666664 0.06296296296296296
0 0.20598958333333334 0.12361111111111112 0.0203125 0.023148148148148147
0 0.017708333333333333 0.09537037037037037 0.034375 0.037037037037037035
0 0.5567708333333333 0.2675925925925926 0.027083333333333334 0.05
0 0.5916666666666667 0.19907407407407407 0.04375 0.07222222222222222
0 0.60390625 0.27685185185185185 0.0234375 0.07777777777777778
0 0.16354166666666667 0.09259259259259259 0.019791666666666666 0.024074074074074074
0 0.23229166666666667 0.1050925925925926 0.036458333333333336 0.04351851851851852
0 0.13255208333333332 0.07777777777777778 0.0265625 0.037037037037037035
0 0.08984375 0.09398148148148149 0.030729166666666665 0.03981481481481482
0 0.5322916666666667 0.23055555555555557 0.03333333333333333 0.044444444444444446
0 0.44114583333333335 0.2564814814814815 0.06458333333333334 0.09259259259259259
0 0.013020833333333334 0.07777777777777778 0.014583333333333334 0.011111111111111112
0 0.018489583333333334 0.07083333333333333 0.016145833333333335 0.017592592592592594
0 0.012239583333333333 0.11388888888888889 0.024479166666666666 0.024074074074074074
0 0.1640625 0.0625 0.019791666666666666 0.019444444444444445
0 0.1859375 0.07546296296296297 0.00625 0.019444444444444445
0 0.26901041666666664 0.034722222222222224 0.009895833333333333 0.008333333333333333
0 0.4317708333333333 0.02175925925925926 0.00625 0.012037037037037037
0 0.5955729166666667 0.2337962962962963 0.030729166666666665 0.05462962962962963
0 0.20078125 0.04861111111111111 0.022395833333333334 0.021296296296296296
0 0.19713541666666667 0.06018518518518518 0.0203125 0.016666666666666666
0 0.21692708333333333 0.05185185185185185 0.0140625 0.012962962962962963
0 0.396875 0.018055555555555554 0.008333333333333333 0.012037037037037037
