0 0.112 0.7666666666666667 0.03 0.016
0 0.1925 0.756 0.023 0.016
0 0.219 0.7553333333333333 0.024 0.030666666666666665
0 0.208 0.6706666666666666 0.042 0.021333333333333333
0 0.369 0.5093333333333333 0.026 0.016
0 0.2915 0.49533333333333335 0.019 0.03866666666666667
0 0.0055 0.46266666666666667 0.011 0.06133333333333333
0 0.3305 0.402 0.047 0.03866666666666667
0 0.4165 0.3973333333333333 0.045 0.034666666666666665
0 0.376 0.30866666666666664 0.022 0.030666666666666665
0 0.262 0.2986666666666667 0.028 0.021333333333333333
0 0.2605 0.27466666666666667 0.037 0.021333333333333333
0 0.2595 0.24266666666666667 0.051 0.02666666666666667
0 0.209 0.21666666666666667 0.038 0.03333333333333333
