0 0.1075 0.9886666666666667 0.015 0.02266666666666667
0 0.981 0.9826666666666667 0.024 0.018666666666666668
0 0.898 0.9726666666666667 0.02 0.052
0 0.2395 0.9526666666666667 0.025 0.025333333333333333
0 0.212 0.9646666666666667 0.044 0.04933333333333333
0 0.067 0.9513333333333334 0.042 0.044
0 0.857 0.882 0.026 0.02
0 0.3885 0.8246666666666667 0.015 0.03866666666666667
0 0.2785 0.8146666666666667 0.029 0.021333333333333333
0 0.203 0.7853333333333333 0.022 0.021333333333333333
0 0.0375 0.7933333333333333 0.049 0.04
0 0.722 0.7486666666666667 0.014 0.036
0 0.7215 0.716 0.015 0.034666666666666665
0 0.7985 0.694 0.011 0.02266666666666667
0 0.8175 0.6966666666666667 0.031 0.04666666666666667
0 0.5915 0.6886666666666666 0.047 0.03333333333333333
0 0.955 0.6926666666666667 0.048 0.052
0 0.076 0.6433333333333333 0.016 0.030666666666666665
0 0.8725 0.6153333333333333 0.025 0.02
0 0.107 0.6006666666666667 0.018 0.017333333333333333
0 0.2185 0.5753333333333334 0.015 0.06533333333333333
0 0.477 0.5126666666666667 0.016 0.025333333333333333
0 0.678 0.48933333333333334 0.044 0.037333333333333336
0 0.834 0.32666666666666666 0.052 0.02666666666666667
0 0.77 0.24466666666666667 0.052 0.036
0 0.769 0.18666666666666668 0.04 0.037333333333333336
0 0.4425 0.16866666666666666 0.019 0.014666666666666666
0 0.462 0.17 0.014 0.03866666666666667
0 0.3975 0.028666666666666667 0.023 0.02266666666666667
0 0.4295 0.02666666666666667 0.049 0.029333333333333333
0 0.231 0.015333333333333332 0.032 0.030666666666666665
0 0.7255 0.005333333333333333 0.019 0.010666666666666666
