0 0.12239583333333333 0.14027777777777778 0.026041666666666668 0.026851851851851852
0 0.15442708333333333 0.020370370370370372 0.022395833333333334 0.024074074074074074
0 0.009114583333333334 0.18425925925925926 0.016145833333333335 0.03333333333333333
0 0.22578125 0.12731481481481483 0.015104166666666667 0.017592592592592594
0 0.19322916666666667 0.030555555555555555 0.020833333333333332 0.03148148148148148
0 0.20130208333333333 0.0587962962962963 0.022395833333333334 0.030555555555555555
0 0.22083333333333333 0.033796296296296297 0.009375 0.03611111111111111
0 0.34791666666666665 0.21574074074074073 0.028125 0.04259259259259259
0 0.5533854166666666 0.4388888888888889 0.024479166666666666 0.06481481481481481
0 0.6317708333333333 0.12361111111111112 0.021875 0.05462962962962963
0 0.71796875 0.1527777777777778 0.028645833333333332 0.040740740740740744
0 0.44869791666666664 0.2962962962962963 0.0296875 0.04814814814814815
0 0.09895833333333333 0.029166666666666667 0.023958333333333335 0.03425925925925926
0 0.11848958333333333 0.06898148148148148 0.011979166666666667 0.021296296296296296
0 0.0859375 0.0375 0.013541666666666667 0.025
0 0.11536458333333334 0.009722222222222222 0.0078125 0.017592592592592594
