0 0.6655 0.588 0.045 0.029333333333333333
0 0.676 0.5793333333333334 0.018 0.017333333333333333
0 0.2005 0.5533333333333333 0.045 0.050666666666666665
0 0.231 0.406 0.05 0.030666666666666665
0 0.384 0.384 0.032 0.048
0 0.349 0.3413333333333333 0.02 0.021333333333333333
0 0.1025 0.298 0.027 0.036
0 0.3925 0.2793333333333333 0.031 0.017333333333333333
0 0.401 0.26066666666666666 0.012 0.02
0 0.3905 0.248 0.011 0.016
0 0.3805 0.194 0.019 0.025333333333333333
0 0.4045 0.18 0.027 0.034666666666666665
