0 0.70859375 0.4708333333333333 0.009895833333333333 0.028703703703703703
0 0.37942708333333336 0.4375 0.011979166666666667 0.017592592592592594
0 0.30833333333333335 0.4217592592592593 0.007291666666666667 0.008333333333333333
0 0.46979166666666666 0.449537037037037 0.026041666666666668 0.019444444444444445
0 0.73046875 0.4791666666666667 0.013020833333333334 0.021296296296296296
0 0.6927083333333334 0.47175925925925927 0.013541666666666667 0.025
0 0.9807291666666667 0.5287037037037037 0.028125 0.03888888888888889
0 0.62109375 0.538425925925926 0.028645833333333332 0.075
0 0.6479166666666667 0.4976851851851852 0.015625 0.04351851851851852
0 0.4786458333333333 0.624537037037037 0.042708333333333334 0.15648148148148147
0 0.16666666666666666 0.42314814814814816 0.015625 0.014814814814814815
0 0.2520833333333333 0.4111111111111111 0.014583333333333334 0.012962962962962963
0 0.24088541666666666 0.4115740740740741 0.0067708333333333336 0.006481481481481481
0 0.26588541666666665 0.42453703703703705 0.021354166666666667 0.010185185185185186
0 0.24270833333333333 0.4236111111111111 0.022916666666666665 0.012037037037037037
0 0.3229166666666667 0.4273148148148148 0.005208333333333333 0.004629629629629629
0 0.31614583333333335 0.41898148148148145 0.010416666666666666 0.010185185185185186
0 0.3260416666666667 0.41712962962962963 0.005208333333333333 0.012037037037037037
0 0.34010416666666665 0.41805555555555557 0.011458333333333333 0.012037037037037037
0 0.35572916666666665 0.41712962962962963 0.010416666666666666 0.012037037037037037
0 0.34739583333333335 0.41712962962962963 0.005208333333333333 0.006481481481481481
0 0.3971354166666667 0.41898148148148145 0.0046875 0.008333333333333333
0 0.4109375 0.4310185185185185 0.010416666666666666 0.010185185185185186
0 0.41770833333333335 0.43425925925925923 0.009375 0.005555555555555556
0 0.4161458333333333 0.42083333333333334 0.011458333333333333 0.01574074074074074
0 0.42864583333333334 0.42453703703703705 0.008333333333333333 0.008333333333333333
0 0.43828125 0.4236111111111111 0.0067708333333333336 0.006481481481481481
0 0.44817708333333334 0.4273148148148148 0.0046875 0.004629629629629629
0 0.4661458333333333 0.42314814814814816 0.00625 0.009259259259259259
0 0.453125 0.4486111111111111 0.013541666666666667 0.012037037037037037
0 0.48880208333333336 0.4305555555555556 0.008854166666666666 0.014814814814814815
0 0.4796875 0.43472222222222223 0.009375 0.013888888888888888
0 0.5875 0.43657407407407406 0.007291666666666667 0.012037037037037037
0 0.6098958333333333 0.45 0.004166666666666667 0.009259259259259259
0 0.6208333333333333 0.4449074074074074 0.009375 0.008333333333333333
0 0.61171875 0.44027777777777777 0.005729166666666666 0.006481481481481481
0 0.6078125 0.43657407407407406 0.013541666666666667 0.013888888888888888
0 0.7296875 0.4675925925925926 0.01875 0.02962962962962963
0 0.7481770833333333 0.4837962962962963 0.016145833333333335 0.013888888888888888
0 0.7739583333333333 0.475462962962963 0.015625 0.025
0 0.47161458333333334 0.43333333333333335 0.0078125 0.007407407407407408
0 0.24739583333333334 0.4310185185185185 0.011458333333333333 0.012037037037037037
0 0.14817708333333332 0.4300925925925926 0.0067708333333333336 0.008333333333333333
0 0.7234375 0.475462962962963 0.008333333333333333 0.025
0 0.42291666666666666 0.4305555555555556 0.004166666666666667 0.007407407407407408
0 0.48125 0.4287037037037037 0.007291666666666667 0.011111111111111112
