0 0.04114583333333333 0.09768518518518518 0.009375 0.017592592592592594
0 0.07161458333333333 0.05555555555555555 0.03177083333333333 0.037037037037037035
0 0.00859375 0.11666666666666667 0.016145833333333335 0.027777777777777776
0 0.051822932561238606 0.1625 0.025520865122477213 0.02870369487338596
0 0.19609375 0.05555555555555555 0.019270833333333334 0.037037037037037035
0 0.01953125 0.07314814814814814 0.027604166666666666 0.024074074074074074
0 0.5325520833333334 0.36574074074074076 0.06302083333333333 0.10925925925925926
0 0.08776043256123861 0.14074074074074075 0.04739586512247721 0.05
0 0.09140625 0.062037037037037036 0.015104166666666667 0.012962962962962963
0 0.06536458333333334 0.07222222222222222 0.028645833333333332 0.020370370370370372
0 0.16171875 0.038425925925925926 0.0109375 0.010185185185185186
0 0.17395833333333333 0.07222222222222222 0.014583333333333334 0.014814814814814815
0 0.31328125 0.016203703703703703 0.0078125 0.012037037037037037
0 0.353125 0.020833333333333332 0.007291666666666667 0.012037037037037037
0 0.49375 0.047685185185185185 0.022916666666666665 0.028703703703703703
0 0.78671875 0.08194444444444444 0.0265625 0.058333333333333334
0 0.7861979166666667 0.10462962962962963 0.0140625 0.03888888888888889
0 0.7611979166666667 0.10555555555555556 0.018229166666666668 0.06111111111111111
0 0.73984375 0.1175925925925926 0.028645833333333332 0.06111111111111111
0 0.7013020833333333 0.1712962962962963 0.030729166666666665 0.09444444444444444
0 0.21302083333333333 0.029166666666666667 0.004166666666666667 0.006481481481481481
0 0.32760416666666664 0.02175925925925926 0.007291666666666667 0.010185185185185186
0 0.7263020833333333 0.1449074074074074 0.018229166666666668 0.04537037037037037
0 0.9486979166666667 0.008796296296296297 0.018229166666666668 0.017592592592592594
