0 0.20911458333333333 0.525 0.0265625 0.05
0 0.7255208333333333 0.46435185185185185 0.010416666666666666 0.013888888888888888
0 0.6236979166666666 0.46435185185185185 0.013020833333333334 0.021296296296296296
0 0.8791666666666667 0.5050925925925925 0.01875 0.017592592592592594
0 0.8765625 0.4699074074074074 0.016666666666666666 0.013888888888888888
0 0.8541666666666666 0.5736111111111111 0.016666666666666666 0.049074074074074076
0 0.84140625 0.6023148148148149 0.0328125 0.06388888888888888
0 0.97265625 0.524537037037037 0.016145833333333335 0.032407407407407406
0 0.46796875 0.8328703703703704 0.11614583333333334 0.18981481481481483
0 0.51015625 0.42962962962962964 0.0026041666666666665 0.007407407407407408
0 0.5041666666666667 0.45231481481481484 0.010416666666666666 0.006481481481481481
0 0.5375 0.44074074074074077 0.010416666666666666 0.014814814814814815
0 0.50234375 0.43333333333333335 0.005729166666666666 0.005555555555555556
0 0.496875 0.42962962962962964 0.005208333333333333 0.009259259259259259
0 0.4515625 0.45185185185185184 0.011458333333333333 0.014814814814814815
0 0.42864583333333334 0.4527777777777778 0.011458333333333333 0.020370370370370372
0 0.3966145833333333 0.4615740740740741 0.009895833333333333 0.025
0 0.56015625 0.4449074074074074 0.0046875 0.010185185185185186
0 0.5734375 0.4513888888888889 0.005208333333333333 0.006481481481481481
0 0.6028645833333334 0.4393518518518518 0.0078125 0.012037037037037037
0 0.5940104166666667 0.44074074074074077 0.0078125 0.007407407407407408
0 0.575 0.44027777777777777 0.010416666666666666 0.012037037037037037
0 0.5713541666666667 0.43657407407407406 0.005208333333333333 0.010185185185185186
0 0.6096354166666667 0.46944444444444444 0.021354166666666667 0.018518518518518517
0 0.5950520833333334 0.4689814814814815 0.0109375 0.012037037037037037
0 0.6421875 0.44305555555555554 0.004166666666666667 0.008333333333333333
0 0.66015625 0.44814814814814813 0.013020833333333334 0.014814814814814815
0 0.6549479166666666 0.4583333333333333 0.009895833333333333 0.011111111111111112
0 0.6630208333333333 0.4587962962962963 0.011458333333333333 0.010185185185185186
0 0.6744791666666666 0.44907407407407407 0.008333333333333333 0.009259259259259259
0 0.6833333333333333 0.44814814814814813 0.007291666666666667 0.007407407407407408
0 0.7135416666666666 0.4476851851851852 0.009375 0.013888888888888888
0 0.73359375 0.4615740740740741 0.0067708333333333336 0.012037037037037037
0 0.7169270833333333 0.462037037037037 0.009895833333333333 0.009259259259259259
0 0.8510416666666667 0.46944444444444444 0.009375 0.012962962962962963
0 0.8924479166666667 0.48148148148148145 0.009895833333333333 0.007407407407407408
0 0.87578125 0.487962962962963 0.005729166666666666 0.011111111111111112
0 0.3846354166666667 0.4736111111111111 0.0067708333333333336 0.013888888888888888
0 0.5901041666666667 0.4449074074074074 0.003125 0.004629629629629629
0 0.69375 0.45231481481481484 0.004166666666666667 0.004629629629629629
0 0.7231770833333333 0.4546296296296296 0.013020833333333334 0.009259259259259259
0 0.8973958333333333 0.4773148148148148 0.005208333333333333 0.008333333333333333
