0 0.07057291666666667 0.023148148148148147 0.03177083333333333 0.02962962962962963
0 0.253125 0.06435185185185185 0.028125 0.03796296296296296
0 0.018229166666666668 0.038425925925925926 0.023958333333333335 0.021296296296296296
0 0.05755208333333333 0.07546296296296297 0.03177083333333333 0.023148148148148147
0 0.04479166666666667 0.1037037037037037 0.022916666666666665 0.025925925925925925
0 0.04401041666666667 0.14351851851851852 0.0390625 0.027777777777777776
0 0.09114583333333333 0.12407407407407407 0.059375 0.044444444444444446
0 0.05651041666666667 0.03888888888888889 0.0140625 0.016666666666666666
0 0.06953125 0.0375 0.0140625 0.017592592592592594
0 0.6497395833333334 0.08564814814814815 0.015104166666666667 0.05092592592592592
0 0.4934895833333333 0.0375 0.0234375 0.03425925925925926
0 0.61484375 0.2759259259259259 0.04114583333333333 0.09444444444444444
0 0.82578125 0.08055555555555556 0.028645833333333332 0.05185185185185185
0 0.846875 0.0625 0.020833333333333332 0.04537037037037037
0 0.0875 0.02824074074074074 0.008333333333333333 0.012037037037037037
0 0.15963541666666667 0.005092592592592593 0.0140625 0.010185185185185186
0 0.28463541666666664 0.006481481481481481 0.019270833333333334 0.012962962962962963
0 0.86171875 0.07546296296296297 0.0265625 0.05462962962962963
