0 0.42291666666666666 0.03611111111111111 0.013541666666666667 0.027777777777777776
0 0.3375 0.09861111111111111 0.015625 0.019444444444444445
0 0.33359375 0.032407407407407406 0.019270833333333334 0.020370370370370372
0 0.17942708333333332 0.05462962962962963 0.011979166666666667 0.009259259259259259
0 0.27578125 0.056018518518518516 0.022395833333333334 0.030555555555555555
0 0.007291666666666667 0.0763888888888889 0.014583333333333334 0.03425925925925926
0 0.5955729166666667 0.26342592592592595 0.04010416666666667 0.04722222222222222
0 0.09114583333333333 0.06018518518518518 0.015625 0.016666666666666666
0 0.14661458333333333 0.08194444444444444 0.0203125 0.019444444444444445
0 0.30130208333333336 0.06944444444444445 0.016145833333333335 0.022222222222222223
0 0.18229166666666666 0.06944444444444445 0.03229166666666667 0.03333333333333333
0 0.6997395833333333 0.17453703703703705 0.044270833333333336 0.058333333333333334
0 0.5893229166666667 0.21851851851851853 0.033854166666666664 0.05185185185185185
0 0.6682291666666667 0.26944444444444443 0.04583336512247722 0.07222219396520543
0 0.6713541666666667 0.2152777777777778 0.034375 0.04351851851851852
0 0.6138020833333333 0.21666666666666667 0.059895833333333336 0.07222222222222222
0 0.7705729166666667 0.1699074074074074 0.0390625 0.058333333333333334
0 0.0140625 0.11203703703703703 0.028125 0.024074074074074074
0 0.3609375 0.08425925925925926 0.03333333333333333 0.037037037037037035
0 0.5442708333333334 0.2763888888888889 0.03125 0.05277777777777778
0 0.24114583333333334 0.06759259259259259 0.025 0.03333333333333333
0 0.46041666666666664 0.26157407407407407 0.059375 0.08611111111111111
0 0.13307291666666668 0.07824074074074074 0.009895833333333333 0.017592592592592594
0 0.18359375 0.04583333333333333 0.013020833333333334 0.01574074074074074
0 0.17942708333333332 0.08194444444444444 0.021354166666666667 0.017592592592592594
0 0.3203125 0.056018518518518516 0.004166666666666667 0.021296296296296296
0 0.3015625 0.04398148148148148 0.015625 0.017592592592592594
0 0.4046875 0.04861111111111111 0.013541666666666667 0.013888888888888888
0 0.3927083333333333 0.02361111111111111 0.008333333333333333 0.008333333333333333
0 0.34713541666666664 0.0375 0.0109375 0.012037037037037037
0 0.33046875 0.04351851851851852 0.018229166666666668 0.012962962962962963
0 0.6627604166666666 0.044444444444444446 0.019270833333333334 0.024074074074074074
0 0.5447916666666667 0.01574074074074074 0.005208333333333333 0.009259259259259259
0 0.5114583333333333 0.010648148148148148 0.007291666666666667 0.010185185185185186
