0 0.2475 0.29 0.023 0.02266666666666667
0 0.612 0.26666666666666666 0.03 0.016
0 0.2395 0.26066666666666666 0.021 0.02266666666666667
0 0.6925 0.256 0.023 0.016
0 0.3205 0.2733333333333333 0.041 0.05333333333333334
0 0.719 0.25533333333333336 0.024 0.030666666666666665
0 0.032 0.20933333333333334 0.046 0.029333333333333333
0 0.2585 0.19333333333333333 0.027 0.06133333333333333
0 0.708 0.17066666666666666 0.042 0.021333333333333333
0 0.1 0.14266666666666666 0.014 0.024
0 0.1205 0.16133333333333333 0.021 0.06666666666666667
0 0.078 0.03333333333333333 0.026 0.034666666666666665
0 0.869 0.009333333333333334 0.026 0.016
0 0.7915 0.007333333333333333 0.019 0.014666666666666666
