0 0.86328125 0.08564814814814815 0.021354166666666667 0.028703703703703703
0 0.7057291666666666 0.1736111111111111 0.03229166666666667 0.03240739681102611
0 0.6450520833333333 0.10740740740740741 0.0296875 0.02962962962962963
0 0.7622395833333333 0.12129629629629629 0.027604166666666666 0.03518518518518519
0 0.6619791666666667 0.14351851851851852 0.021875 0.03148148148148148
0 0.9057291666666667 0.25787037037037036 0.041666666666666664 0.03240739681102611
0 0.9809895833333333 0.27361111111111114 0.0359375 0.03611111111111111
0 0.67421875 0.2263888888888889 0.027604166666666666 0.03796296296296296
0 0.7309895833333333 0.1050925925925926 0.011979166666666667 0.01574074074074074
0 0.8020833333333334 0.09722222222222222 0.019791666666666666 0.022222222222222223
0 0.73046875 0.13240740740740742 0.013020833333333334 0.03888888888888889
0 0.8471354166666667 0.09074074074074075 0.011979166666666667 0.020370370370370372
0 0.6552083333333333 0.1388888888888889 0.011458333333333333 0.018518518518518517
