0 0.3305 0.952 0.027 0.024
0 0.304 0.9426666666666667 0.024 0.021333333333333333
0 0.275 0.92 0.024 0.018666666666666668
0 0.2445 0.9153333333333333 0.017 0.02266666666666667
0 0.2545 0.8413333333333334 0.031 0.037333333333333336
0 0.0365 0.7166666666666667 0.055 0.030666666666666665
0 0.004 0.6846666666666666 0.008 0.012
0 0.179 0.672 0.026 0.05333333333333334
0 0.1035 0.5406666666666666 0.019 0.017333333333333333
0 0.0525 0.5286666666666666 0.015 0.02
0 0.1095 0.52 0.047 0.029333333333333333
0 0.0445 0.5173333333333333 0.013 0.013333333333333334
0 0.0045 0.4613333333333333 0.009 0.04
0 0.9885 0.4266666666666667 0.023 0.050666666666666665
0 0.601 0.2826666666666667 0.02 0.034666666666666665
0 0.6735 0.22666666666666666 0.013 0.02666666666666667
0 0.745 0.214 0.016 0.012
0 0.7075 0.196 0.041 0.02666666666666667
0 0.6735 0.18 0.019 0.032
0 0.284 0.15266666666666667 0.036 0.03866666666666667
0 0.1855 0.7873333333333333 0.021 0.04133333333333333
