0 0.8575 0.972 0.025 0.05333333333333334
0 0.823 0.8686666666666667 0.014 0.025333333333333333
0 0.787 0.826 0.012 0.025333333333333333
0 0.626 0.8206666666666667 0.018 0.028
0 0.503 0.7993333333333333 0.028 0.028
0 0.7795 0.76 0.029 0.037333333333333336
0 0.9675 0.738 0.039 0.036
0 0.721 0.6626666666666666 0.028 0.048
0 0.5335 0.468 0.023 0.02666666666666667
0 0.509 0.39466666666666667 0.028 0.05333333333333334
0 0.802 0.22933333333333333 0.032 0.02666666666666667
0 0.7655 0.242 0.021 0.06
0 0.849 0.204 0.018 0.02666666666666667
0 0.5005 0.17733333333333334 0.021 0.05333333333333334
0 0.811 0.08466666666666667 0.032 0.04666666666666667
0 0.443 0.07466666666666667 0.022 0.05333333333333334
0 0.8 0.014 0.02 0.02266666666666667
0 0.7585 0.24933333333333332 0.019 0.037333333333333336
0 0.5865 0.23466666666666666 0.027 0.034666666666666665
0 0.5485 0.22866666666666666 0.029 0.02266666666666667
0 0.5 0.8113333333333334 0.018 0.017333333333333333
