0 0.22395833333333334 0.06018518518518518 0.014583333333333334 0.03888888888888889
0 0.18307291666666667 0.06898148148148148 0.009895833333333333 0.032407407407407406
0 0.7197916666666667 0.09722222222222222 0.016666666666666666 0.03888888888888889
0 0.82265625 0.0125 0.016145833333333335 0.025
0 0.7041666666666667 0.11898148148148148 0.025 0.05277777777777778
0 0.8596354166666667 0.02638888888888889 0.013020833333333334 0.03425925925925926
0 0.15286458333333333 0.26805555555555555 0.04635416666666667 0.10277777777777777
0 0.34348958333333335 0.6287037037037037 0.09114583333333333 0.21481481481481482
0 0.23619791666666667 0.005092592592592593 0.0140625 0.010185185185185186
0 0.8377604166666667 0.01574074074074074 0.0140625 0.016666666666666666
0 0.8364583333333333 0.010648148148148148 0.016666666666666666 0.019444444444444445
