0 0.621875 0.2439814814814815 0.016666666666666666 0.026851851851851852
0 0.28932291666666665 0.2023148148148148 0.027604166666666666 0.026851851851851852
0 0.9744791666666667 0.05925925925925926 0.016666666666666666 0.022222222222222223
0 0.33932291666666664 0.16712962962962963 0.0140625 0.025
0 0.11666666666666667 0.24027777777777778 0.03125 0.03796296296296296
0 0.8984375 0.3388888888888889 0.01875 0.05185185185185185
0 0.8359375 0.17314814814814813 0.013541666666666667 0.040740740740740744
0 0.29453125 0.1412037037037037 0.019270833333333334 0.03796296296296296
0 0.8791666666666667 0.5453703703703704 0.022916666666666665 0.08148150267424407
0 0.96796875 0.22037037037037038 0.016145833333333335 0.04814814814814815
0 0.8854166666666666 0.18287037037037038 0.014583333333333334 0.04722222222222222
0 0.43255208333333334 0.20324074074074075 0.025520833333333333 0.03796296296296296
0 0.33671875 0.22592592592592592 0.0328125 0.03888888888888889
0 0.40286458333333336 0.21898148148148147 0.024479166666666666 0.041666666666666664
0 0.20182291666666666 0.18888888888888888 0.0140625 0.03333333333333333
0 0.26119791666666664 0.1597222222222222 0.0140625 0.017592592592592594
0 0.23645833333333333 0.1638888888888889 0.010416666666666666 0.014814814814814815
0 0.24088541666666666 0.2212962962962963 0.0203125 0.046296296296296294
0 0.18098958333333334 0.27824074074074073 0.018229166666666668 0.03425925925925926
0 0.8046875 0.005555555555555556 0.010416666666666666 0.011111111111111112
0 0.9338541666666667 0.005555555555555556 0.00625 0.007407407407407408
