0 0.1885 0.9886666666666667 0.019 0.02266666666666667
0 0.1655 0.932 0.019 0.04
0 0.0575 0.8973333333333333 0.033 0.037333333333333336
0 0.0495 0.564 0.011 0.024
0 0.2465 0.452 0.013 0.032
0 0.305 0.42133333333333334 0.046 0.04
0 0.4355 0.2713333333333333 0.053 0.044
0 0.416 0.23066666666666666 0.04 0.037333333333333336
0 0.941 0.20333333333333334 0.016 0.03333333333333333
0 0.2665 0.21533333333333332 0.029 0.08133333333333333
0 0.9325 0.17733333333333334 0.027 0.018666666666666668
0 0.6805 0.158 0.027 0.036
0 0.2355 0.15 0.035 0.05466666666666667
0 0.601 0.10333333333333333 0.04 0.028
0 0.6875 0.106 0.053 0.036
0 0.763 0.118 0.026 0.06266666666666666
0 0.942 0.106 0.05 0.04133333333333333
0 0.5835 0.08666666666666667 0.029 0.032
0 0.117 0.08 0.024 0.058666666666666666
0 0.3005 0.023333333333333334 0.025 0.028
