0 0.6919270833333333 0.07175925925925926 0.018229166666666668 0.03611111111111111
0 0.6416666666666667 0.12962962962962962 0.01875 0.03333333333333333
0 0.5072916666666667 0.2759259259259259 0.019791666666666666 0.053703703703703705
0 0.58984375 0.1337962962962963 0.022395833333333334 0.030555555555555555
0 0.5731770833333333 0.18009259259259258 0.0265625 0.03425925925925926
0 0.44609375 0.4203703703703704 0.0390625 0.03888888888888889
0 0.61015625 0.12129629629629629 0.016145833333333335 0.03888888888888889
0 0.5088541666666667 0.07777777777777778 0.026041666666666668 0.027777777777777776
0 0.8723958333333334 0.3300925925925926 0.04375 0.041666666666666664
0 0.9322916666666666 0.33194444444444443 0.053125 0.03611111111111111
0 0.6786458333333333 0.075 0.008333333333333333 0.020370370370370372
0 0.5580729166666667 0.1587962962962963 0.0109375 0.028703703703703703
0 0.6190104166666667 0.12268518518518519 0.008854166666666666 0.019444444444444445
0 0.965625 0.007407407407407408 0.00625 0.009259259259259259
0 0.9802083333333333 0.01898148148148148 0.008333333333333333 0.010185185185185186
