0 0.2885 0.962 0.021 0.03333333333333333
0 0.968 0.9186666666666666 0.036 0.04
0 0.313 0.8526666666666667 0.034 0.030666666666666665
0 0.1515 0.842 0.021 0.025333333333333333
0 0.54 0.8453333333333334 0.034 0.04533333333333334
0 0.192 0.8346666666666667 0.018 0.029333333333333333
0 0.1415 0.8173333333333334 0.021 0.016
0 0.992 0.7353333333333333 0.016 0.052
0 0.2525 0.7253333333333334 0.013 0.034666666666666665
0 0.2955 0.7 0.017 0.010666666666666666
0 0.275 0.708 0.014 0.04533333333333334
0 0.335 0.696 0.018 0.024
0 0.214 0.6726666666666666 0.016 0.03333333333333333
0 0.2355 0.616 0.021 0.034666666666666665
0 0.832 0.576 0.046 0.042666666666666665
0 0.6645 0.568 0.021 0.029333333333333333
0 0.629 0.488 0.018 0.034666666666666665
0 0.741 0.482 0.05 0.05466666666666667
0 0.625 0.3546666666666667 0.032 0.021333333333333333
0 0.6435 0.334 0.025 0.06
0 0.045 0.31266666666666665 0.046 0.02266666666666667
0 0.109 0.234 0.03 0.05733333333333333
0 0.9755 0.10133333333333333 0.049 0.037333333333333336
