0 0.7695 0.9093333333333333 0.039 0.04
0 0.1565 0.8606666666666667 0.021 0.06
0 0.1745 0.83 0.017 0.025333333333333333
0 0.162 0.8186666666666667 0.026 0.021333333333333333
0 0.7535 0.7346666666666667 0.031 0.058666666666666666
0 0.4815 0.714 0.029 0.017333333333333333
0 0.135 0.6286666666666667 0.018 0.03333333333333333
0 0.16 0.6086666666666667 0.032 0.06266666666666666
0 0.5015 0.5913333333333334 0.025 0.06533333333333333
0 0.642 0.49666666666666665 0.022 0.028
0 0.4895 0.38266666666666665 0.031 0.050666666666666665
0 0.578 0.344 0.024 0.024
0 0.608 0.21 0.046 0.028
0 0.1325 0.19466666666666665 0.015 0.021333333333333333
0 0.366 0.164 0.048 0.024
0 0.764 0.16133333333333333 0.042 0.05333333333333334
0 0.395 0.13266666666666665 0.014 0.028
0 0.4405 0.06733333333333333 0.027 0.02
0 0.01 0.078 0.02 0.06266666666666666
0 0.2475 0.058666666666666666 0.049 0.02666666666666667
0 0.2075 0.056666666666666664 0.027 0.02266666666666667
