0 0.413 0.782 0.016 0.017333333333333333
0 0.243 0.776 0.014 0.02666666666666667
0 0.285 0.7646666666666667 0.024 0.025333333333333333
0 0.2265 0.7286666666666667 0.053 0.030666666666666665
0 0.061 0.666 0.054 0.028
0 0.4365 0.614 0.041 0.044
0 0.442 0.5473333333333333 0.024 0.028
0 0.633 0.536 0.028 0.024
0 0.3275 0.46066666666666667 0.027 0.03333333333333333
0 0.492 0.456 0.034 0.029333333333333333
0 0.6385 0.42533333333333334 0.049 0.04
0 0.912 0.37866666666666665 0.028 0.06666666666666667
0 0.683 0.33866666666666667 0.024 0.018666666666666668
0 0.7865 0.33066666666666666 0.045 0.032
0 0.8395 0.2906666666666667 0.015 0.032
0 0.0055 0.264 0.011 0.029333333333333333
0 0.238 0.2713333333333333 0.044 0.04933333333333333
0 0.0145 0.24266666666666667 0.013 0.032
0 0.1705 0.23266666666666666 0.039 0.03333333333333333
0 0.1875 0.22466666666666665 0.025 0.030666666666666665
0 0.85 0.16666666666666666 0.018 0.032
0 0.034 0.13333333333333333 0.024 0.024
0 0.1705 0.018 0.019 0.030666666666666665
0 0.193 0.016 0.018 0.032
0 0.0515 0.018666666666666668 0.039 0.037333333333333336
0 0.1775 0.20933333333333334 0.021 0.029333333333333333
