0 0.462 0.9566666666666667 0.062 0.036
0 0.3355 0.9513333333333334 0.021 0.04133333333333333
0 0.259 0.9213333333333333 0.022 0.037333333333333336
0 0.65 0.9153333333333333 0.026 0.036
0 0.711 0.8273333333333334 0.024 0.02266666666666667
0 0.892 0.818 0.044 0.025333333333333333
0 0.0765 0.7953333333333333 0.017 0.028
0 0.0825 0.7813333333333333 0.015 0.013333333333333334
0 0.5455 0.764 0.019 0.029333333333333333
0 0.039 0.7506666666666667 0.03 0.050666666666666665
0 0.0505 0.7386666666666667 0.015 0.032
0 0.0385 0.698 0.029 0.03333333333333333
0 0.0285 0.634 0.021 0.036
0 0.076 0.6193333333333333 0.036 0.025333333333333333
0 0.3425 0.5473333333333333 0.023 0.044
0 0.0835 0.5386666666666666 0.035 0.06133333333333333
0 0.1345 0.504 0.019 0.034666666666666665
0 0.9625 0.474 0.025 0.025333333333333333
0 0.085 0.4746666666666667 0.034 0.04533333333333334
0 0.9865 0.43066666666666664 0.015 0.037333333333333336
0 0.225 0.378 0.026 0.02266666666666667
0 0.9835 0.36866666666666664 0.033 0.068
0 0.481 0.3433333333333333 0.054 0.04666666666666667
0 0.6095 0.126 0.023 0.028
