0 0.13255208333333332 0.18518518518518517 0.021354166666666667 0.040740740740740744
0 0.7903645833333334 0.09212964375813802 0.008854166666666666 0.03425929458053024
0 0.6044270833333333 0.16574074074074074 0.015104166666666667 0.02962962962962963
0 0.21197916666666666 0.16018518518518518 0.023958333333333335 0.02962962962962963
0 0.76484375 0.0912037037037037 0.0140625 0.032407407407407406
0 0.8661458333333333 0.01712962962962963 0.015625 0.025
0 0.8713541666666667 0.12361111111111112 0.011458333333333333 0.041666666666666664
0 0.1703125 0.18935185185185185 0.03125 0.04351851851851852
0 0.21822916666666667 0.11018518518518519 0.021875 0.03333333333333333
0 0.80546875 0.2074074074074074 0.015104166666666667 0.05555555555555555
0 0.8049479166666667 0.3712962962962963 0.0296875 0.09074074074074075
0 0.32473958333333336 0.18703703703703703 0.0265625 0.04814814814814815
0 0.35598958333333336 0.16666666666666666 0.024479166666666666 0.040740740740740744
0 0.20911458333333333 0.22268518518518518 0.04010416666666667 0.04537037037037037
0 0.11197916666666667 0.1412037037037037 0.015625 0.026851851851851852
0 0.18697916666666667 0.12129629629629629 0.011458333333333333 0.027777777777777776
0 0.09036458333333333 0.22824074074074074 0.022395833333333334 0.049074074074074076
0 0.06666666666666667 0.2537037037037037 0.014583333333333334 0.03518518518518519
0 0.1125 0.1574074074074074 0.010416666666666666 0.014814814814814815
