0 0.3736979166666667 0.11666666666666667 0.0359375 0.03333333333333333
0 0.14192708333333334 0.06342592592592593 0.0296875 0.026851851851851852
0 0.09635415077209472 0.08240742153591579 0.024999968210856118 0.020370398627387154
0 0.18671875 0.12314814814814815 0.0265625 0.022222222222222223
0 0.012760416666666666 0.1439814814814815 0.025520833333333333 0.032407407407407406
0 0.1390625 0.15694444444444444 0.022916666666666665 0.025
0 0.05234375 0.1726851851851852 0.0296875 0.026851851851851852
0 0.1421875 0.20092592592592592 0.022916666666666665 0.025925925925925925
0 0.05859375 0.11435185185185186 0.030729166666666665 0.04537037037037037
0 0.18541666666666667 0.1726851851851852 0.05 0.05277777777777778
0 0.01171875 0.18101851851851852 0.0234375 0.021296296296296296
0 0.13776041666666666 0.08009259259259259 0.030729166666666665 0.019444444444444445
0 0.2234375 0.03981481481481482 0.010416666666666666 0.012962962962962963
0 0.33880208333333334 0.03333333333333333 0.009895833333333333 0.027777777777777776
0 0.3546875 0.041666666666666664 0.0125 0.024074074074074074
0 0.42135416666666664 0.027777777777777776 0.008333333333333333 0.016666666666666666
0 0.5627604166666667 0.08518518518518518 0.0203125 0.040740740740740744
0 0.7385416666666667 0.14814814814814814 0.034375 0.053703703703703705
0 0.8143229166666667 0.22685185185185186 0.0296875 0.07037037037037037
0 0.8877604166666667 0.14166666666666666 0.0203125 0.03148148148148148
0 0.9140625 0.11157407407407408 0.023958333333333335 0.049074074074074076
0 0.41822916666666665 0.03796296296296296 0.007291666666666667 0.012962962962962963
0 0.8645833333333334 0.03888888888888889 0.017708333333333333 0.03148148148148148
0 0.8770833333333333 0.04398148148148148 0.010416666666666666 0.021296296296296296
0 0.8924479166666667 0.032407407407407406 0.015104166666666667 0.027777777777777776
0 0.93125 0.029166666666666667 0.017708333333333333 0.021296296296296296
0 0.9145833333333333 0.03333333333333333 0.01875 0.022222222222222223
0 0.9440104166666666 0.12638888888888888 0.0359375 0.049074074074074076
0 0.9315104166666667 0.09351851851851851 0.016145833333333335 0.040740740740740744
0 0.15963541666666667 0.06712962962962964 0.005729166666666666 0.01574074074074074
