0 0.0815 0.652 0.035 0.034666666666666665
0 0.188 0.518 0.028 0.03333333333333333
0 0.006 0.478 0.012 0.02266666666666667
0 0.3865 0.3526666666666667 0.025 0.06
0 0.215 0.298 0.014 0.036
0 0.0415 0.2633333333333333 0.039 0.04666666666666667
0 0.255 0.24066666666666667 0.042 0.025333333333333333
0 0.1565 0.24333333333333335 0.025 0.03866666666666667
0 0.299 0.19333333333333333 0.032 0.06666666666666667
0 0.0285 0.156 0.017 0.032
0 0.025 0.12466666666666666 0.028 0.030666666666666665
0 0.14 0.014 0.012 0.02
