0 0.317 0.9126666666666666 0.02 0.03333333333333333
0 0.4955 0.8853333333333333 0.027 0.029333333333333333
0 0.346 0.888 0.038 0.037333333333333336
0 0.3095 0.8826666666666667 0.023 0.02666666666666667
0 0.537 0.8573333333333333 0.026 0.058666666666666666
0 0.853 0.7993333333333333 0.04 0.04133333333333333
0 0.781 0.7793333333333333 0.022 0.025333333333333333
0 0.0475 0.45866666666666667 0.049 0.037333333333333336
0 0.416 0.4226666666666667 0.048 0.037333333333333336
0 0.3055 0.39066666666666666 0.033 0.058666666666666666
0 0.084 0.3586666666666667 0.012 0.013333333333333334
0 0.0775 0.3393333333333333 0.013 0.028
0 0.2355 0.33666666666666667 0.029 0.052
0 0.2615 0.31533333333333335 0.029 0.017333333333333333
0 0.1885 0.294 0.017 0.03333333333333333
0 0.202 0.27666666666666667 0.01 0.014666666666666666
0 0.2115 0.262 0.013 0.012
0 0.193 0.26466666666666666 0.012 0.02266666666666667
0 0.2755 0.248 0.047 0.032
0 0.0065 0.18333333333333332 0.013 0.028
