0 0.83 0.9613333333333334 0.018 0.032
0 0.8205 0.8806666666666667 0.021 0.04666666666666667
0 0.7565 0.742 0.019 0.07333333333333333
0 0.6005 0.7006666666666667 0.029 0.036
0 0.6255 0.6246666666666667 0.041 0.02
0 0.763 0.432 0.03 0.02666666666666667
0 0.948 0.42933333333333334 0.026 0.034666666666666665
0 0.949 0.4126666666666667 0.018 0.014666666666666666
0 0.7635 0.41333333333333333 0.019 0.02666666666666667
0 0.5725 0.364 0.025 0.04533333333333334
0 0.885 0.011333333333333334 0.048 0.02266666666666667
