0 0.368 0.9706666666666667 0.022 0.029333333333333333
0 0.0045 0.7793333333333333 0.009 0.04133333333333333
0 0.721 0.758 0.022 0.052
0 0.8825 0.7326666666666667 0.015 0.014666666666666666
0 0.9165 0.7333333333333333 0.049 0.032
0 0.696 0.704 0.026 0.021333333333333333
0 0.155 0.6546666666666666 0.048 0.029333333333333333
0 0.7705 0.5833333333333334 0.049 0.03866666666666667
0 0.662 0.478 0.03 0.06266666666666666
0 0.865 0.39666666666666667 0.02 0.025333333333333333
0 0.8375 0.38066666666666665 0.021 0.04666666666666667
0 0.06 0.37466666666666665 0.03 0.037333333333333336
0 0.0855 0.31533333333333335 0.033 0.014666666666666666
0 0.1105 0.30266666666666664 0.021 0.024
0 0.9565 0.12 0.023 0.016
0 0.596 0.13066666666666665 0.028 0.056
