0 0.7575520833333333 0.011574074074074073 0.011979166666666667 0.012037037037037037
0 0.20833333333333334 0.387037037037037 0.01875 0.02962962962962963
0 0.82421875 0.3925925925925926 0.016145833333333335 0.06111111111111111
0 0.42265625 0.3962962962962963 0.0140625 0.027777777777777776
0 0.7734375 0.5592592592592592 0.020833333333333332 0.07592592592592592
0 0.121875 0.39675925925925926 0.01875 0.04351851851851852
0 0.7182291666666667 0.35648148148148145 0.014583333333333334 0.03888888888888889
0 0.778125 0.8541666666666666 0.022916666666666665 0.09722222222222222
0 0.36744791666666665 0.3296296296296296 0.030729166666666665 0.03333333333333333
0 0.32421875 0.35694444444444445 0.0203125 0.03796296296296296
0 0.3302083333333333 0.3236111111111111 0.028125 0.032407407407407406
0 0.9059895833333333 0.4199074074074074 0.0234375 0.058333333333333334
0 0.24427083333333333 0.29398148148148145 0.020833333333333332 0.03796296296296296
0 0.20442708333333334 0.31527777777777777 0.011979166666666667 0.023148148148148147
0 0.234375 0.39166666666666666 0.0125 0.04814814814814815
0 0.3419270833333333 0.25972222222222224 0.0109375 0.023148148148148147
0 0.28359375 0.31203703703703706 0.0265625 0.027777777777777776
0 0.65859375 0.030555555555555555 0.008854166666666666 0.016666666666666666
0 0.7559895833333333 0.0587962962962963 0.009895833333333333 0.013888888888888888
0 0.7713541666666667 0.0060185185185185185 0.008333333333333333 0.008333333333333333
0 0.8611979166666667 0.041666666666666664 0.005729166666666666 0.009259259259259259
0 0.89765625 0.008796296296296297 0.011979166666666667 0.013888888888888888
0 0.9111979166666667 0.020370370370370372 0.0078125 0.016666666666666666
0 0.8895833333333333 0.10324074074074074 0.017708333333333333 0.01574074074074074
0 0.2421875 0.29305555555555557 0.015625 0.025
0 0.7067708333333333 0.0023148148148148147 0.00625 0.004629629629629629
0 0.71328125 0.0032407407407407406 0.008854166666666666 0.006481481481481481
0 0.7588541666666667 0.002777777777777778 0.008333333333333333 0.005555555555555556
0 0.7625 0.004629629629629629 0.007291666666666667 0.007407407407407408
0 0.89765625 0.11527777777777778 0.011979166666666667 0.017592592592592594
0 0.8989583333333333 0.026851851851851852 0.00625 0.007407407407407408
