0 0.41380208333333335 0.6722222222222223 0.0671875 0.08518518518518518
0 0.7307291666666667 0.600462962962963 0.04375 0.08425925925925926
0 0.48541666666666666 0.6898148148148148 0.03124996821085612 0.046296296296296294
0 0.25781251589457194 0.8194444444444444 0.030208365122477213 0.0962962962962963
0 0.3687499682108561 0.7666667796947338 0.0718749443689982 0.17407425774468316
0 0.48151041666666666 0.44074074074074077 0.0203125 0.020370370370370372
0 0.44635416666666666 0.45 0.020833333333333332 0.020370370370370372
0 0.4119791666666667 0.45925925925925926 0.017708333333333333 0.009259259259259259
0 0.7731770833333333 0.5842592592592593 0.0421875 0.07592592592592592
0 0.8065104166666667 0.5773148148148148 0.0453125 0.05462962962962963
