0 0.787 0.9546666666666667 0.018 0.018666666666666668
0 0.737 0.7026666666666667 0.022 0.018666666666666668
0 0.383 0.666 0.032 0.06266666666666666
0 0.77 0.594 0.026 0.04666666666666667
0 0.168 0.5973333333333334 0.028 0.06133333333333333
0 0.949 0.572 0.016 0.029333333333333333
0 0.7305 0.47 0.037 0.036
0 0.0195 0.3426666666666667 0.025 0.034666666666666665
0 0.0075 0.32066666666666666 0.013 0.03866666666666667
0 0.837 0.204 0.028 0.029333333333333333
0 0.862 0.192 0.024 0.032
0 0.992 0.10866666666666666 0.016 0.06533333333333333
0 0.485 0.05333333333333334 0.01 0.021333333333333333
0 0.5525 0.06733333333333333 0.033 0.06533333333333333
0 0.281 0.04933333333333333 0.018 0.021333333333333333
0 0.4925 0.04533333333333334 0.015 0.029333333333333333
0 0.6015 0.022 0.029 0.044
