0 0.07708333333333334 0.09259259259259259 0.008333333333333333 0.024074074074074074
0 0.525 0.33240740740740743 0.030208333333333334 0.07777777777777778
0 0.0546875 0.0763888888888889 0.025 0.023148148148148147
0 0.10026041666666667 0.06018518518518518 0.030729166666666665 0.03333333333333333
0 0.19895833333333332 0.07175925925925926 0.017708333333333333 0.017592592592592594
0 0.21744791666666666 0.05694444444444444 0.016145833333333335 0.03425925925925926
0 0.49895833333333334 0.2912037037037037 0.06354166666666666 0.10648148148148148
0 0.04401041666666667 0.11481481481481481 0.025520833333333333 0.02962962962962963
0 0.09192708333333334 0.15416666666666667 0.0234375 0.028703703703703703
0 0.12135416666666667 0.1310185185185185 0.04583333333333333 0.05277777777777778
0 0.011979166666666667 0.09537037037037037 0.023958333333333335 0.03148148148148148
0 0.09635416666666667 0.07453703703703704 0.028125 0.017592592592592594
0 0.12057291666666667 0.06435185185185185 0.0140625 0.013888888888888888
0 0.18255208333333334 0.04259259259259259 0.0109375 0.009259259259259259
0 0.23151041666666666 0.03148148148148148 0.0036458333333333334 0.007407407407407408
0 0.32760416666666664 0.01990740740740741 0.009375 0.013888888888888888
0 0.36484375 0.024074074074074074 0.0067708333333333336 0.011111111111111112
0 0.49583333333333335 0.04953703703703704 0.020833333333333332 0.026851851851851852
0 0.7197916666666667 0.11388888888888889 0.027083333333333334 0.06851851851851852
0 0.6721354166666667 0.1425925925925926 0.033854166666666664 0.05740740740740741
0 0.6942708333333333 0.14675925925925926 0.013541666666666667 0.03981481481481482
0 0.6713541666666667 0.17546296296296296 0.025 0.058333333333333334
0 0.6364583333333333 0.18796296296296297 0.020833333333333332 0.05
0 0.6528645833333333 0.20601851851851852 0.0140625 0.049074074074074076
0 0.6375 0.20879629629629629 0.019791666666666666 0.03981481481481482
0 0.3411458333333333 0.02546296296296296 0.00625 0.010185185185185186
