0 0.544 0.944 0.012 0.034666666666666665
0 0.8275 0.944 0.027 0.06133333333333333
0 0.988 0.8873333333333333 0.022 0.03333333333333333
0 0.5885 0.802 0.025 0.014666666666666666
0 0.622 0.7726666666666666 0.016 0.02266666666666667
0 0.6105 0.7493333333333333 0.021 0.013333333333333334
0 0.5685 0.7453333333333333 0.015 0.04
0 0.9055 0.5886666666666667 0.019 0.03866666666666667
0 0.496 0.5713333333333334 0.022 0.06533333333333333
0 0.996 0.52 0.008 0.04
0 0.9485 0.5206666666666667 0.031 0.04666666666666667
0 0.0255 0.4886666666666667 0.025 0.06266666666666666
0 0.9945 0.2793333333333333 0.011 0.044
0 0.7625 0.07666666666666666 0.029 0.04933333333333333
0 0.0535 0.014666666666666666 0.029 0.029333333333333333
0 0.064 0.005333333333333333 0.02 0.010666666666666666
