0 0.315 0.894 0.032 0.04666666666666667
0 0.108 0.7313333333333333 0.03 0.04133333333333333
0 0.0055 0.7293333333333333 0.011 0.05333333333333334
0 0.154 0.64 0.02 0.034666666666666665
0 0.1175 0.552 0.035 0.037333333333333336
0 0.31 0.5173333333333333 0.026 0.024
0 0.056 0.514 0.018 0.04133333333333333
0 0.411 0.49866666666666665 0.024 0.024
0 0.01 0.486 0.02 0.044
0 0.6445 0.434 0.027 0.044
0 0.605 0.2786666666666667 0.03 0.02666666666666667
0 0.4845 0.26 0.047 0.042666666666666665
0 0.687 0.176 0.018 0.024
0 0.734 0.148 0.048 0.042666666666666665
0 0.5165 0.238 0.023 0.02
