0 0.46979166666666666 0.4699074074074074 0.021875 0.021296296296296296
0 0.17578125 0.4726851851851852 0.028645833333333332 0.021296296296296296
0 0.3809895833333333 0.4587962962962963 0.0296875 0.04722222222222222
0 0.17890625 0.42268518518518516 0.021354166666666667 0.017592592592592594
0 0.20026041666666666 0.4597222222222222 0.0484375 0.03796296296296296
0 0.14401041666666667 0.42268518518518516 0.013020833333333334 0.023148148148148147
0 0.4401041666666667 0.46064814814814814 0.019791666666666666 0.05648148148148148
0 0.4127604166666667 0.5180555555555556 0.0328125 0.11018518518518519
0 0.79375 0.4703703703703704 0.07083333333333333 0.07407407407407407
0 0.4010416666666667 0.6518518518518519 0.09479166666666666 0.2388888888888889
0 0.19401041666666666 0.44166666666666665 0.011979166666666667 0.014814814814814815
0 0.20494791666666667 0.4305555555555556 0.0140625 0.012962962962962963
0 0.4005208333333333 0.45694444444444443 0.01875 0.04722222222222222
0 0.4236979166666667 0.44675925925925924 0.019270833333333334 0.03981481481481482
0 0.4583333333333333 0.4486111111111111 0.019791666666666666 0.03981481481481482
0 0.47421875 0.44305555555555554 0.021354166666666667 0.028703703703703703
0 0.13489583333333333 0.42777777777777776 0.00625 0.007407407407407408
