0 0.704 0.85 0.048 0.03333333333333333
0 0.634 0.6086666666666667 0.026 0.03866666666666667
0 0.601 0.6013333333333334 0.028 0.04533333333333334
0 0.8795 0.6046666666666667 0.045 0.05466666666666667
0 0.5335 0.532 0.021 0.032
0 0.251 0.402 0.018 0.014666666666666666
0 0.244 0.3893333333333333 0.014 0.010666666666666666
0 0.196 0.36533333333333334 0.02 0.013333333333333334
0 0.0505 0.372 0.021 0.04
0 0.128 0.38 0.04 0.058666666666666666
0 0.2235 0.35733333333333334 0.033 0.029333333333333333
0 0.0905 0.336 0.029 0.02666666666666667
0 0.898 0.06466666666666666 0.032 0.07066666666666667
