0 0.364 0.946 0.022 0.030666666666666665
0 0.987 0.8826666666666667 0.026 0.050666666666666665
0 0.3965 0.7593333333333333 0.025 0.02
0 0.3415 0.7306666666666667 0.039 0.021333333333333333
0 0.6325 0.6946666666666667 0.015 0.021333333333333333
0 0.866 0.664 0.048 0.024
0 0.895 0.6326666666666667 0.014 0.028
0 0.167 0.5953333333333334 0.028 0.052
0 0.9405 0.5673333333333334 0.027 0.02
0 0.5055 0.578 0.029 0.06266666666666666
0 0.7475 0.5586666666666666 0.049 0.02666666666666667
0 0.7075 0.5566666666666666 0.027 0.02266666666666667
0 0.4735 0.546 0.015 0.03333333333333333
0 0.317 0.492 0.014 0.016
0 0.8855 0.44733333333333336 0.041 0.04133333333333333
0 0.5925 0.4166666666666667 0.043 0.05466666666666667
0 0.4585 0.39466666666666667 0.021 0.016
0 0.488 0.39266666666666666 0.018 0.014666666666666666
0 0.1605 0.5786666666666667 0.019 0.034666666666666665
