0 0.0665 0.984 0.027 0.032
0 0.261 0.7773333333333333 0.05 0.02666666666666667
0 0.4665 0.6506666666666666 0.031 0.024
0 0.957 0.5973333333333334 0.042 0.04
0 0.3475 0.5693333333333334 0.057 0.037333333333333336
0 0.3595 0.4633333333333333 0.027 0.028
0 0.982 0.42933333333333334 0.036 0.056
0 0.2465 0.38866666666666666 0.031 0.03333333333333333
0 0.158 0.358 0.018 0.03333333333333333
0 0.2415 0.358 0.017 0.04133333333333333
0 0.1495 0.35 0.027 0.04933333333333333
0 0.2995 0.26266666666666666 0.017 0.04533333333333334
0 0.8595 0.22266666666666668 0.037 0.029333333333333333
