0 0.44817708333333334 0.48333333333333334 0.033854166666666664 0.053703703703703705
0 0.18671875 0.4615740740740741 0.015104166666666667 0.01574074074074074
0 0.17213541666666668 0.44166666666666665 0.021354166666666667 0.018518518518518517
0 0.4205729166666667 0.4912037037037037 0.019270833333333334 0.05648148148148148
0 0.07239583333333334 0.5078703703703704 0.026041666666666668 0.028703703703703703
0 0.08958333333333333 0.5083333333333333 0.03333333333333333 0.025925925925925925
0 0.13567708333333334 0.4439814814814815 0.0171875 0.017592592592592594
0 0.39479166666666665 0.4759259259259259 0.029166666666666667 0.03888888888888889
0 0.7575520833333333 0.5185185185185185 0.06614583333333333 0.07222222222222222
0 0.3424479166666667 0.4912037037037037 0.025520833333333333 0.04722222222222222
0 0.37526041666666665 0.4912037037037037 0.016145833333333335 0.05648148148148148
0 0.1390625 0.4981481481481482 0.057291666666666664 0.03888888888888889
0 0.3731770833333333 0.5939814814814814 0.0265625 0.11388888888888889
0 0.13411458333333334 0.8092592592592592 0.24427083333333333 0.25925925925925924
0 0.49661458333333336 0.8837962962962963 0.1234375 0.23055555555555557
0 0.19739583333333333 0.45046296296296295 0.014583333333333334 0.013888888888888888
0 0.44479166666666664 0.5 0.01875 0.020370370370370372
0 0.44895833333333335 0.4652777777777778 0.016666666666666666 0.013888888888888888
