0 0.162 0.9733333333333334 0.03 0.05333333333333334
0 0.365 0.8966666666666666 0.02 0.025333333333333333
0 0.3375 0.8806666666666667 0.021 0.04666666666666667
0 0.4565 0.62 0.023 0.016
0 0.096 0.6306666666666667 0.028 0.056
0 0.7125 0.596 0.043 0.034666666666666665
0 0.7915 0.5266666666666666 0.013 0.024
0 0.8125 0.48533333333333334 0.025 0.024
0 0.846 0.4086666666666667 0.044 0.030666666666666665
0 0.883 0.20733333333333334 0.016 0.03333333333333333
0 0.934 0.19133333333333333 0.044 0.030666666666666665
0 0.5095 0.14066666666666666 0.029 0.044
0 0.9295 0.08666666666666667 0.031 0.032
0 0.213 0.072 0.048 0.04
0 0.456 0.052 0.038 0.048
