0 0.9755 0.934 0.025 0.036
0 0.6715 0.938 0.051 0.03333333333333333
0 0.995 0.8686666666666667 0.01 0.036
0 0.684 0.794 0.042 0.030666666666666665
0 0.6805 0.684 0.019 0.032
0 0.986 0.56 0.028 0.04533333333333334
0 0.899 0.488 0.03 0.05333333333333334
0 0.765 0.4726666666666667 0.032 0.04666666666666667
0 0.6855 0.44666666666666666 0.029 0.02666666666666667
0 0.7585 0.4046666666666667 0.027 0.05466666666666667
0 0.6975 0.3473333333333333 0.043 0.044
0 0.879 0.25666666666666665 0.04 0.044
0 0.7555 0.042 0.029 0.04666666666666667
0 0.7625 0.03266666666666666 0.031 0.036
