0 0.821 0.6886666666666666 0.022 0.014666666666666666
0 0.7895 0.6726666666666666 0.015 0.02
0 0.86 0.6613333333333333 0.022 0.029333333333333333
0 0.8945 0.656 0.017 0.029333333333333333
0 0.786 0.636 0.014 0.02666666666666667
0 0.775 0.5666666666666667 0.022 0.032
0 0.816 0.5333333333333333 0.014 0.018666666666666668
0 0.584 0.3446666666666667 0.026 0.02266666666666667
0 0.6395 0.288 0.027 0.024
0 0.5855 0.25533333333333336 0.027 0.028
0 0.669 0.218 0.02 0.03866666666666667
0 0.693 0.19933333333333333 0.014 0.014666666666666666
0 0.703 0.18866666666666668 0.012 0.02266666666666667
