0 0.5859375 0.2972222222222222 0.023958333333333335 0.05555555555555555
0 0.18411458333333333 0.1087962962962963 0.015104166666666667 0.032407407407407406
0 0.228125 0.19814814814814816 0.017708333333333333 0.018518518518518517
0 0.6760416666666667 0.15 0.010416666666666666 0.05555555555555555
0 0.18541666666666667 0.1398148148148148 0.023958333333333335 0.03518518518518519
0 0.6109375 0.49722222222222223 0.015625 0.08148148148148149
0 0.7588541666666667 0.16712962962962963 0.013541666666666667 0.049074074074074076
0 0.5119791666666667 0.1537037037037037 0.021875 0.05185185185185185
0 0.20729166666666668 0.03518518518518519 0.015625 0.025925925925925925
0 0.21302083333333333 0.11157407407407408 0.015625 0.028703703703703703
0 0.059375 0.12037037037037036 0.013541666666666667 0.02962962962962963
0 0.0796875 0.10694444444444444 0.028125 0.041666666666666664
0 0.09322916666666667 0.08564814814814815 0.009375 0.019444444444444445
0 0.10390625 0.05555555555555555 0.0140625 0.012962962962962963
0 0.13776041666666666 0.10555555555555556 0.0203125 0.03518518518518519
0 0.08619791666666667 0.17222222222222222 0.018229166666666668 0.024074074074074074
0 0.09895833333333333 0.20787037037037037 0.020833333333333332 0.03611111111111111
