0 0.7965 0.9626666666666667 0.021 0.029333333333333333
0 0.831 0.9173333333333333 0.026 0.048
0 0.7135 0.8293333333333334 0.043 0.048
0 0.8925 0.8146666666666667 0.023 0.034666666666666665
0 0.802 0.7593333333333333 0.048 0.03333333333333333
0 0.9635 0.7566666666666667 0.025 0.03866666666666667
0 0.67 0.718 0.038 0.030666666666666665
0 0.8085 0.696 0.027 0.018666666666666668
0 0.9615 0.5953333333333334 0.025 0.036
0 0.959 0.5593333333333333 0.046 0.028
0 0.894 0.506 0.028 0.02
0 0.6975 0.4493333333333333 0.019 0.029333333333333333
0 0.056 0.432 0.026 0.056
0 0.355 0.011333333333333334 0.02 0.02266666666666667
0 0.6735 0.698 0.023 0.028
