0 0.2557291666666667 0.06018518518518518 0.016666666666666666 0.018518518518518517
0 0.4395833333333333 0.06805555555555555 0.014583333333333334 0.010185185185185186
0 0.36692708333333335 0.08564814814814815 0.015104166666666667 0.021296296296296296
0 0.47942708333333334 0.053703703703703705 0.013020833333333334 0.022222222222222223
0 0.34375 0.07083333333333333 0.020833333333333332 0.028703703703703703
0 0.013020833333333334 0.14675925925925926 0.026041666666666668 0.023148148148148147
0 0.0125 0.11064814814814815 0.019791666666666666 0.03425925925925926
0 0.40078125 0.1175925925925926 0.0171875 0.018518518518518517
0 0.19869791666666667 0.09398148148148149 0.0203125 0.021296296296296296
0 0.2559895833333333 0.08703703703703704 0.027604166666666666 0.037037037037037035
0 0.6877604166666667 0.22268518518518518 0.04635416666666667 0.058333333333333334
0 0.3106770833333333 0.08333333333333333 0.0234375 0.03148148148148148
0 0.6369791666666667 0.2574074074074074 0.028125 0.046296296296296294
0 0.08723958333333333 0.1310185185185185 0.024479166666666666 0.025
0 0.09322916666666667 0.08981481481481482 0.030208333333333334 0.037037037037037035
0 0.033854166666666664 0.1287037037037037 0.04791666666666667 0.044444444444444446
0 0.41875 0.35185185185185186 0.03229166666666667 0.040740740740740744
0 0.7177083333333333 0.2550925925925926 0.029166666666666667 0.04351850085788303
0 0.371875 0.3837962962962963 0.04062496821085612 0.03981479715417933
0 0.421875 0.10601851851851851 0.029166666666666667 0.032407407407407406
0 0.5908854166666667 0.36898148148148147 0.07135416666666666 0.08055555555555556
0 0.471875 0.31157407407407406 0.06354166666666666 0.0712962962962963
0 0.36484375 0.30833333333333335 0.06614583333333333 0.07962962962962963
0 0.07630208333333334 0.10231481481481482 0.019270833333333334 0.019444444444444445
0 0.04973958333333333 0.10046296296296296 0.016145833333333335 0.023148148148148147
0 0.17578125 0.07037037037037037 0.015104166666666667 0.014814814814814815
0 0.22005208333333334 0.0912037037037037 0.021354166666666667 0.017592592592592594
0 0.25494791666666666 0.09675925925925925 0.0171875 0.013888888888888888
0 0.38307291666666665 0.07175925925925926 0.0078125 0.017592592592592594
0 0.3671875 0.05694444444444444 0.015625 0.01574074074074074
0 0.45546875 0.03564814814814815 0.008854166666666666 0.008333333333333333
0 0.5692708333333333 0.029166666666666667 0.007291666666666667 0.010185185185185186
0 0.6049479166666667 0.03564814814814815 0.005729166666666666 0.012037037037037037
0 0.7213541666666666 0.06944444444444445 0.01875 0.025925925925925925
0 0.8044270833333333 0.21574074074074073 0.0265625 0.07592592592592592
0 0.4890625 0.031018518518518518 0.004166666666666667 0.008333333333333333
0 0.39401041666666664 0.05740740740740741 0.019270833333333334 0.014814814814814815
0 0.3971354166666667 0.04675925925925926 0.019270833333333334 0.017592592592592594
0 0.40963541666666664 0.05138888888888889 0.009895833333333333 0.012037037037037037
