0 0.9615 0.8566666666666667 0.023 0.014666666666666666
0 0.7855 0.8233333333333334 0.041 0.03333333333333333
0 0.9675 0.814 0.021 0.017333333333333333
0 0.7345 0.6366666666666667 0.035 0.028
0 0.6805 0.6286666666666667 0.017 0.028
0 0.498 0.604 0.022 0.032
0 0.333 0.59 0.022 0.025333333333333333
0 0.3945 0.5893333333333334 0.033 0.034666666666666665
0 0.1055 0.4146666666666667 0.017 0.016
0 0.1205 0.41533333333333333 0.013 0.03866666666666667
0 0.1565 0.4206666666666667 0.019 0.06533333333333333
0 0.3305 0.3333333333333333 0.015 0.016
0 0.348 0.33466666666666667 0.014 0.021333333333333333
0 0.3415 0.29533333333333334 0.019 0.04666666666666667
0 0.7655 0.2613333333333333 0.019 0.048
0 0.67 0.218 0.02 0.017333333333333333
0 0.703 0.21666666666666667 0.022 0.04933333333333333
