0 0.99 0.9633333333333334 0.02 0.02
0 0.9925 0.9526666666666667 0.013 0.012
0 0.9715 0.7493333333333333 0.015 0.034666666666666665
0 0.1925 0.7266666666666667 0.021 0.013333333333333334
0 0.1935 0.71 0.037 0.02266666666666667
0 0.5605 0.5826666666666667 0.039 0.05333333333333334
0 0.1045 0.49866666666666665 0.019 0.02666666666666667
0 0.18 0.39866666666666667 0.024 0.024
0 0.494 0.3486666666666667 0.02 0.05466666666666667
0 0.187 0.3473333333333333 0.018 0.052
0 0.147 0.24733333333333332 0.014 0.014666666666666666
0 0.9645 0.24333333333333335 0.019 0.028
0 0.198 0.24466666666666667 0.034 0.03333333333333333
0 0.793 0.21 0.022 0.030666666666666665
0 0.381 0.21 0.044 0.030666666666666665
0 0.994 0.18333333333333332 0.012 0.028
0 0.9795 0.092 0.035 0.048
