0 0.4515625 0.04722222222222222 0.013541666666666667 0.024074074074074074
0 0.39739583333333334 0.08564814814814815 0.014583333333333334 0.017592592592592594
0 0.24791666666666667 0.05555555555555555 0.01875 0.024074074074074074
0 0.4171875 0.07546296296296297 0.028125 0.032407407407407406
0 0.0078125 0.09166666666666666 0.015625 0.03888888888888889
0 0.023177083333333334 0.06712962962962964 0.021354166666666667 0.021296296296296296
0 0.3067708333333333 0.05138888888888889 0.020833333333333332 0.025
0 0.5213541666666667 0.23703703703703705 0.03125 0.07592592592592592
0 0.22994791666666667 0.06111111111111111 0.016145833333333335 0.016666666666666666
0 0.2716145833333333 0.05740740740740741 0.008854166666666666 0.014814814814814815
0 0.33619791666666665 0.05694444444444444 0.025520833333333333 0.021296296296296296
0 0.4875 0.2388888888888889 0.03854166666666667 0.07407407407407407
0 0.06015625 0.06527777777777778 0.0296875 0.026851851851851852
0 0.31875 0.034722222222222224 0.008333333333333333 0.012037037037037037
0 0.2559895833333333 0.03888888888888889 0.009895833333333333 0.011111111111111112
0 0.25729166666666664 0.059722222222222225 0.010416666666666666 0.017592592592592594
0 0.41171875 0.03657407407407407 0.011979166666666667 0.013888888888888888
0 0.43411458333333336 0.03796296296296296 0.015104166666666667 0.014814814814814815
0 0.4328125 0.05694444444444444 0.008333333333333333 0.017592592592592594
0 0.41302083333333334 0.05324074074074074 0.008333333333333333 0.010185185185185186
0 0.44895833333333335 0.026851851851851852 0.017708333333333333 0.020370370370370372
0 0.010416666666666666 0.06111111111111111 0.020833333333333332 0.025925925925925925
0 0.60078125 0.021296296296296296 0.0067708333333333336 0.011111111111111112
0 0.621875 0.027777777777777776 0.00625 0.009259259259259259
0 0.7020833333333333 0.06481481481481481 0.013541666666666667 0.027777777777777776
0 0.2796875 0.060648148148148145 0.011458333333333333 0.012037037037037037
0 0.4440104166666667 0.03425925925925926 0.009895833333333333 0.009259259259259259
