0 0.696 0.9486666666666667 0.048 0.02
0 0.332 0.7833333333333333 0.022 0.052
0 0.183 0.652 0.02 0.013333333333333334
0 0.3665 0.6613333333333333 0.043 0.048
0 0.016 0.6146666666666667 0.032 0.021333333333333333
0 0.329 0.5206666666666667 0.018 0.036
0 0.0075 0.5053333333333333 0.015 0.04533333333333334
0 0.0615 0.5 0.031 0.04
0 0.1695 0.49133333333333334 0.043 0.04933333333333333
0 0.4835 0.47933333333333333 0.025 0.06533333333333333
0 0.2125 0.35733333333333334 0.059 0.024
0 0.0825 0.348 0.023 0.016
0 0.334 0.2886666666666667 0.018 0.036
0 0.552 0.282 0.034 0.036
