0 0.6166666666666667 0.11342592592592593 0.01875 0.04351851851851852
0 0.7263020833333333 0.018518518518518517 0.0140625 0.018518518518518517
0 0.74609375 0.012962962962962963 0.015104166666666667 0.025925925925925925
0 0.6661458333333333 0.052314814814814814 0.013541666666666667 0.032407407407407406
0 0.6458333333333334 0.05925926632351346 0.016666666666666666 0.03518519578156648
0 0.7044270833333334 0.055092592592592596 0.015104166666666667 0.03611111111111111
0 0.52578125 0.21805555555555556 0.019270833333333334 0.06944444444444445
0 0.9807291666666667 0.2949074074074074 0.03854166666666667 0.041666666666666664
0 0.5497395833333333 0.024537037037037038 0.025520833333333333 0.03611111111111111
0 0.4401041666666667 0.39490740740740743 0.05625 0.08611111111111111
0 0.6075520833333333 0.08842592592592592 0.0109375 0.017592592592592594
