0 0.035 0.9286666666666666 0.032 0.02
0 0.058 0.9333333333333333 0.022 0.034666666666666665
0 0.8035 0.9266666666666666 0.021 0.034666666666666665
0 0.424 0.9153333333333333 0.018 0.025333333333333333
0 0.991 0.9113333333333333 0.018 0.04666666666666667
0 0.346 0.86 0.026 0.034666666666666665
0 0.279 0.868 0.022 0.050666666666666665
0 0.833 0.8533333333333334 0.042 0.032
0 0.6655 0.8333333333333334 0.015 0.034666666666666665
0 0.4555 0.6866666666666666 0.033 0.04533333333333334
0 0.594 0.5173333333333333 0.016 0.016
0 0.5985 0.5 0.011 0.024
0 0.711 0.45 0.046 0.044
0 0.629 0.29933333333333334 0.032 0.03866666666666667
