0 0.6435 0.9513333333333334 0.039 0.036
0 0.928 0.8646666666666667 0.04 0.03866666666666667
0 0.8945 0.8053333333333333 0.043 0.032
0 0.4975 0.796 0.041 0.04
0 0.1725 0.708 0.019 0.04
0 0.213 0.6646666666666666 0.036 0.025333333333333333
0 0.6805 0.582 0.023 0.05466666666666667
0 0.2105 0.4646666666666667 0.045 0.03333333333333333
0 0.9615 0.4066666666666667 0.037 0.034666666666666665
0 0.699 0.35333333333333333 0.024 0.042666666666666665
0 0.283 0.20333333333333334 0.018 0.017333333333333333
0 0.9185 0.8806666666666667 0.015 0.03866666666666667
