0 0.24166666666666667 0.021296296296296296 0.026041666666666668 0.037037037037037035
0 0.11640625 0.07268518518518519 0.0203125 0.021296296296296296
0 0.011197916666666667 0.05324074074074074 0.022395833333333334 0.032407407407407406
0 0.020572916666666666 0.16111111111111112 0.04010416666666667 0.05
0 0.49192708333333335 0.48564814814814816 0.10572916666666667 0.10462962962962963
0 0.030208333333333334 0.05694444444444444 0.014583333333333334 0.01574074074074074
0 0.1125 0.03194444444444444 0.010416666666666666 0.013888888888888888
0 0.21640625 0.04027777777777778 0.0171875 0.012037037037037037
0 0.28046875 0.00787037037037037 0.0140625 0.013888888888888888
0 0.3151041666666667 0.018055555555555554 0.007291666666666667 0.017592592592592594
0 0.459375 0.05277777777777778 0.023958333333333335 0.03148148148148148
0 0.7380208333333333 0.13055555555555556 0.04479166666666667 0.06851851851851852
0 0.7598958333333333 0.12314814814814815 0.027083333333333334 0.07222222222222222
0 0.7880208333333333 0.10231481481481482 0.025 0.03425925925925926
0 0.8205729166666667 0.07453703703703704 0.0296875 0.05277777777777778
0 0.8432291666666667 0.05462962962962963 0.013541666666666667 0.024074074074074074
0 0.8828125 0.03009259259259259 0.017708333333333333 0.03981481481481482
0 0.007552083333333333 0.07314814814814814 0.015104166666666667 0.011111111111111112
0 0.2911458333333333 0.016666666666666666 0.009375 0.014814814814814815
0 0.80703125 0.011574074074074073 0.0109375 0.017592592592592594
0 0.7869791666666667 0.012962962962962963 0.009375 0.018518518518518517
0 0.9450520833333333 0.012037037037037037 0.019270833333333334 0.020370370370370372
0 0.01015625 0.060648148148148145 0.011979166666666667 0.013888888888888888
