0 0.5875 0.974 0.029 0.017333333333333333
0 0.6025 0.9353333333333333 0.015 0.044
0 0.5385 0.8206666666666667 0.023 0.036
0 0.655 0.802 0.012 0.025333333333333333
0 0.6405 0.7793333333333333 0.015 0.014666666666666666
0 0.5005 0.7853333333333333 0.033 0.064
0 0.6275 0.7706666666666667 0.025 0.04
0 0.55 0.7433333333333333 0.024 0.025333333333333333
0 0.0245 0.7146666666666667 0.037 0.064
0 0.4755 0.6986666666666667 0.031 0.05333333333333334
0 0.8695 0.686 0.041 0.044
0 0.01 0.5953333333333334 0.02 0.028
0 0.429 0.4846666666666667 0.036 0.05466666666666667
0 0.9275 0.46 0.033 0.064
0 0.639 0.2713333333333333 0.024 0.06
0 0.666 0.21866666666666668 0.028 0.018666666666666668
