0 0.39869791666666665 0.05416666666666667 0.011979166666666667 0.017592592592592594
0 0.5255208333333333 0.07685185185185185 0.029166666666666667 0.03333333333333333
0 0.15911458333333334 0.04351851851851852 0.028645833333333332 0.03148148148148148
0 0.6278645833333333 0.262037037037037 0.021354166666666667 0.08703703703703704
0 0.18203123410542807 0.0486111323038737 0.02031246821085612 0.02314819406580042
0 0.4513020833333333 0.050462962962962966 0.022395833333333334 0.025
0 0.5942708333333333 0.2708333333333333 0.05416666666666667 0.08611111111111111
0 0.21432291666666667 0.047685185185185185 0.0234375 0.023148148148148147
0 0.13541666666666666 0.07314814814814814 0.029166666666666667 0.044444444444444446
0 0.009635416666666667 0.1912037037037037 0.018229166666666668 0.030555555555555555
0 0.35911458333333335 0.04537037037037037 0.0171875 0.024074074074074074
0 0.34296875 0.05 0.016145833333333335 0.014814814814814815
0 0.36875 0.029166666666666667 0.009375 0.012037037037037037
0 0.38307291666666665 0.04861111111111111 0.011979166666666667 0.013888888888888888
0 0.43463541666666666 0.043055555555555555 0.019270833333333334 0.028703703703703703
0 0.42890625 0.027777777777777776 0.009895833333333333 0.012962962962962963
0 0.5036458333333333 0.08611111111111111 0.014583333333333334 0.020370370370370372
0 0.521875 0.03425925925925926 0.0125 0.014814814814814815
0 0.54453125 0.037037037037037035 0.015104166666666667 0.012962962962962963
0 0.5221354166666666 0.05185185185185185 0.008854166666666666 0.011111111111111112
0 0.5434895833333333 0.05648148148148148 0.011979166666666667 0.012962962962962963
0 0.56171875 0.047685185185185185 0.013020833333333334 0.025
0 0.5575520833333333 0.028703703703703703 0.019270833333333334 0.016666666666666666
0 0.7244791666666667 0.030555555555555555 0.00625 0.011111111111111112
0 0.7520833333333333 0.0412037037037037 0.010416666666666666 0.01574074074074074
0 0.8450520833333334 0.08333333333333333 0.018229166666666668 0.02962962962962963
0 0.36614583333333334 0.04814814814814815 0.013541666666666667 0.016666666666666666
