0 0.649 0.9693333333333334 0.054 0.02666666666666667
0 0.603 0.9293333333333333 0.016 0.016
0 0.441 0.938 0.052 0.03333333333333333
0 0.6665 0.9126666666666666 0.021 0.028
0 0.5075 0.8853333333333333 0.021 0.042666666666666665
0 0.518 0.7873333333333333 0.044 0.036
0 0.8095 0.7506666666666667 0.031 0.021333333333333333
0 0.572 0.7493333333333333 0.02 0.058666666666666666
0 0.6155 0.7293333333333333 0.029 0.029333333333333333
0 0.8295 0.7133333333333334 0.017 0.034666666666666665
0 0.6585 0.7026666666666667 0.013 0.034666666666666665
0 0.471 0.702 0.024 0.07066666666666667
0 0.7295 0.6873333333333334 0.037 0.04933333333333333
0 0.6525 0.6666666666666666 0.029 0.016
0 0.8665 0.39466666666666667 0.019 0.032
0 0.9505 0.21666666666666667 0.043 0.03866666666666667
