0 0.8405 0.9306666666666666 0.033 0.018666666666666668
0 0.6745 0.9313333333333333 0.055 0.028
0 0.8205 0.9193333333333333 0.029 0.03333333333333333
0 0.8405 0.832 0.041 0.058666666666666666
0 0.712 0.7866666666666666 0.032 0.064
0 0.6245 0.7126666666666667 0.041 0.05733333333333333
0 0.506 0.5793333333333334 0.05 0.028
0 0.5325 0.3426666666666667 0.049 0.034666666666666665
0 0.337 0.28933333333333333 0.02 0.042666666666666665
0 0.456 0.25066666666666665 0.018 0.024
0 0.3965 0.22933333333333333 0.021 0.021333333333333333
0 0.3745 0.192 0.023 0.029333333333333333
0 0.304 0.106 0.032 0.014666666666666666
