0 0.1085 0.9666666666666667 0.053 0.032
0 0.8325 0.8973333333333333 0.031 0.064
0 0.7485 0.7213333333333334 0.027 0.016
0 0.652 0.584 0.038 0.034666666666666665
0 0.7525 0.41333333333333333 0.021 0.037333333333333336
0 0.2535 0.378 0.011 0.025333333333333333
0 0.264 0.36466666666666664 0.022 0.017333333333333333
0 0.233 0.372 0.04 0.048
0 0.4705 0.35 0.025 0.06533333333333333
0 0.734 0.19533333333333333 0.024 0.036
0 0.853 0.19133333333333333 0.062 0.03866666666666667
0 0.7135 0.14933333333333335 0.029 0.037333333333333336
0 0.5115 0.126 0.017 0.03333333333333333
