0 0.6075 0.49466666666666664 0.015 0.034666666666666665
0 0.7395 0.45266666666666666 0.025 0.025333333333333333
0 0.712 0.4646666666666667 0.044 0.04933333333333333
0 0.567 0.4513333333333333 0.042 0.044
0 0.2715 0.32666666666666666 0.021 0.024
0 0.8885 0.32466666666666666 0.015 0.03866666666666667
0 0.7785 0.31466666666666665 0.029 0.021333333333333333
0 0.703 0.2853333333333333 0.022 0.021333333333333333
0 0.5375 0.29333333333333333 0.049 0.04
0 0.029 0.2613333333333333 0.046 0.032
0 0.576 0.14333333333333334 0.016 0.030666666666666665
0 0.3045 0.134 0.031 0.04133333333333333
0 0.3135 0.11666666666666667 0.013 0.02266666666666667
0 0.1285 0.10533333333333333 0.031 0.016
0 0.607 0.10066666666666667 0.018 0.017333333333333333
0 0.7185 0.07533333333333334 0.015 0.06533333333333333
0 0.977 0.012666666666666666 0.016 0.025333333333333333
