0 0.5510416666666667 0.05972224341498481 0.02187496821085612 0.026851897769504123
0 0.69296875 0.04629630336055049 0.021354166666666667 0.024074091734709563
0 0.00859375 0.20046296296296295 0.0171875 0.03425925925925926
0 0.6807291666666667 0.059722222222222225 0.017708333333333333 0.017592592592592594
0 0.6544270833333333 0.05416666666666667 0.0140625 0.019444444444444445
0 0.6263020833333334 0.12083333333333333 0.019270833333333334 0.023148148148148147
0 0.52734375 0.06944444444444445 0.0171875 0.020370370370370372
0 0.4484375 0.05787037037037037 0.017708333333333333 0.01574074074074074
0 0.48489583333333336 0.05787037037037037 0.030208333333333334 0.025
0 0.09166666666666666 0.08842592592592592 0.015625 0.025
0 0.7864583333333334 0.399537037037037 0.04583336512247722 0.12129629629629629
0 0.2872395833333333 0.040740740740740744 0.0296875 0.025925925925925925
0 0.5690104166666666 0.06666666666666667 0.025520833333333333 0.03333333333333333
0 0.13125001589457194 0.08425926632351345 0.020833365122477212 0.02777779543841327
0 0.8122395833333333 0.4652777777777778 0.09322916666666667 0.11388888888888889
0 0.025781275828679402 0.23472219396520544 0.05052088499069214 0.06944439499466508
0 0.35052083333333334 0.04398148148148148 0.022916666666666665 0.025
0 0.13776041666666666 0.21851853264702692 0.049479166666666664 0.05925929458053024
0 0.22317708333333333 0.07037037037037037 0.03177083333333333 0.046296296296296294
0 0.6544270833333333 0.11666666666666667 0.0359375 0.03888888888888889
0 0.13151041666666666 0.23287037037037037 0.0234375 0.03981481481481482
0 0.2942708333333333 0.04675925925925926 0.013541666666666667 0.021296296296296296
0 0.31666666666666665 0.049074074074074076 0.013541666666666667 0.016666666666666666
0 0.3221354166666667 0.03888888888888889 0.011979166666666667 0.014814814814814815
0 0.47161458333333334 0.05787037037037037 0.008854166666666666 0.01574074074074074
0 0.4817708333333333 0.03333333333333333 0.009375 0.012962962962962963
0 0.5502604166666667 0.03981481481481482 0.016145833333333335 0.014814814814814815
0 0.6526041666666667 0.07268518518518519 0.011458333333333333 0.019444444444444445
0 0.7002604166666667 0.07546296296296297 0.016145833333333335 0.032407407407407406
0 0.6864583333333333 0.08194444444444444 0.013541666666666667 0.013888888888888888
0 0.91640625 0.06574074074074074 0.011979166666666667 0.014814814814814815
0 0.9520833333333333 0.0824074074074074 0.009375 0.016666666666666666
0 0.70234375 0.05648148148148148 0.009895833333333333 0.009259259259259259
