0 0.7355 0.976 0.019 0.029333333333333333
0 0.77 0.836 0.014 0.021333333333333333
0 0.0275 0.724 0.043 0.037333333333333336
0 0.2355 0.418 0.031 0.05466666666666667
0 0.413 0.312 0.014 0.02666666666666667
0 0.3785 0.30133333333333334 0.029 0.04
0 0.539 0.25266666666666665 0.042 0.030666666666666665
0 0.6655 0.17 0.019 0.028
0 0.648 0.16133333333333333 0.01 0.021333333333333333
0 0.6055 0.156 0.013 0.018666666666666668
0 0.594 0.154 0.012 0.02266666666666667
0 0.627 0.12333333333333334 0.012 0.017333333333333333
0 0.745 0.11066666666666666 0.034 0.032
0 0.649 0.11 0.03 0.036
0 0.539 0.088 0.018 0.010666666666666666
0 0.679 0.06933333333333333 0.018 0.02666666666666667
0 0.507 0.015333333333333332 0.036 0.030666666666666665
0 0.3305 0.26 0.021 0.018666666666666668
0 0.3765 0.25133333333333335 0.015 0.014666666666666666
0 0.3105 0.366 0.019 0.030666666666666665
0 0.4115 0.374 0.019 0.02266666666666667
