0 0.7915 0.988 0.019 0.024
0 0.2 0.976 0.026 0.02666666666666667
0 0.4195 0.968 0.031 0.021333333333333333
0 0.1895 0.9526666666666667 0.031 0.017333333333333333
0 0.499 0.9626666666666667 0.024 0.06133333333333333
0 0.4765 0.9486666666666667 0.019 0.03333333333333333
0 0.3035 0.9426666666666667 0.033 0.021333333333333333
0 0.8305 0.902 0.047 0.03866666666666667
0 0.9165 0.8973333333333333 0.045 0.034666666666666665
0 0.088 0.8846666666666667 0.034 0.014666666666666666
0 0.876 0.8086666666666666 0.022 0.030666666666666665
0 0.762 0.7986666666666666 0.028 0.021333333333333333
0 0.2825 0.784 0.025 0.034666666666666665
0 0.7605 0.7746666666666666 0.037 0.021333333333333333
0 0.2515 0.7706666666666667 0.029 0.02666666666666667
0 0.197 0.78 0.024 0.058666666666666666
0 0.7595 0.7426666666666667 0.051 0.02666666666666667
0 0.709 0.7166666666666667 0.038 0.03333333333333333
0 0.0045 0.6913333333333334 0.009 0.02266666666666667
0 0.814 0.416 0.018 0.032
0 0.979 0.428 0.026 0.072
0 0.6975 0.37866666666666665 0.023 0.058666666666666666
0 0.7265 0.258 0.055 0.02266666666666667
0 0.8725 0.22866666666666666 0.021 0.014666666666666666
0 0.6465 0.198 0.017 0.03333333333333333
0 0.6995 0.09066666666666667 0.041 0.029333333333333333
0 0.0925 0.030666666666666665 0.043 0.050666666666666665
