0 0.7475 0.79 0.023 0.02266666666666667
0 0.7395 0.7606666666666667 0.021 0.02266666666666667
0 0.3315 0.762 0.033 0.028
0 0.8205 0.7733333333333333 0.041 0.05333333333333334
0 0.532 0.7093333333333334 0.046 0.029333333333333333
0 0.41 0.6986666666666667 0.03 0.021333333333333333
0 0.3485 0.696 0.027 0.064
0 0.7585 0.6933333333333334 0.027 0.06133333333333333
0 0.2325 0.6533333333333333 0.031 0.029333333333333333
0 0.6 0.6426666666666667 0.014 0.024
0 0.6205 0.6613333333333333 0.021 0.06666666666666667
0 0.277 0.6553333333333333 0.03 0.06533333333333333
0 0.442 0.5893333333333334 0.042 0.024
0 0.1115 0.5993333333333334 0.035 0.044
0 0.578 0.5333333333333333 0.026 0.034666666666666665
0 0.0815 0.524 0.029 0.07733333333333334
0 0.7 0.476 0.026 0.02666666666666667
0 0.9195 0.468 0.031 0.021333333333333333
0 0.6895 0.45266666666666666 0.031 0.017333333333333333
0 0.9935 0.46266666666666667 0.013 0.06133333333333333
0 0.9765 0.44866666666666666 0.019 0.03333333333333333
0 0.8035 0.44266666666666665 0.033 0.021333333333333333
0 0.1745 0.404 0.011 0.02666666666666667
0 0.588 0.38466666666666666 0.034 0.014666666666666666
0 0.7825 0.284 0.025 0.034666666666666665
0 0.7515 0.27066666666666667 0.029 0.02666666666666667
0 0.697 0.28 0.024 0.058666666666666666
0 0.496 0.19133333333333333 0.026 0.02266666666666667
0 0.371 0.198 0.036 0.05466666666666667
0 0.443 0.108 0.014 0.032
