0 0.740625 0.08425925925925926 0.011458333333333333 0.022222222222222223
0 0.7583333333333333 0.07777777777777778 0.013541666666666667 0.02962962962962963
0 0.5677083333333334 0.05462962962962963 0.025 0.02962962962962963
0 0.6098958333333333 0.12962961550112123 0.022916666666666665 0.029629592542295104
0 0.5984375 0.16805555555555557 0.020833333333333332 0.03796296296296296
0 0.640625 0.12222222222222222 0.021875 0.03518518518518519
0 0.68828125 0.12962962962962962 0.0234375 0.02962962962962963
0 0.5682291666666667 0.2300925925925926 0.026041666666666668 0.03796296296296296
0 0.5158854166666667 0.325 0.03802083333333333 0.040740740740740744
0 0.87421875 0.31157407407407406 0.04739583333333333 0.041666666666666664
0 0.9466145833333334 0.31296296296296294 0.05364583333333333 0.040740740740740744
0 0.6643229166666667 0.12268518518518519 0.011979166666666667 0.019444444444444445
0 0.5833333333333334 0.15462962962962962 0.0125 0.016666666666666666
0 0.75 0.08981481481481482 0.011458333333333333 0.020370370370370372
