0 0.8745 0.9586666666666667 0.033 0.042666666666666665
0 0.9315 0.8893333333333333 0.021 0.021333333333333333
0 0.3725 0.6366666666666667 0.039 0.028
0 0.4195 0.596 0.031 0.048
0 0.4045 0.5746666666666667 0.013 0.02666666666666667
0 0.386 0.5786666666666667 0.024 0.034666666666666665
0 0.541 0.5653333333333334 0.014 0.029333333333333333
0 0.525 0.5533333333333333 0.024 0.021333333333333333
0 0.514 0.5306666666666666 0.034 0.029333333333333333
0 0.8715 0.49266666666666664 0.021 0.02
0 0.5425 0.34933333333333333 0.029 0.032
0 0.5445 0.3293333333333333 0.023 0.021333333333333333
0 0.9375 0.906 0.029 0.014666666666666666
0 0.3505 0.5726666666666667 0.013 0.02266666666666667
