0 0.20963540077209472 0.008333324503015589 0.017187468210856118 0.014814796271147552
0 0.3328125 0.3 0.078125 0.13703703703703704
0 0.42526041666666664 0.41805555555555557 0.06510416666666667 0.15648148148148147
0 0.0036458333333333334 0.1300925925925926 0.007291666666666667 0.028703703703703703
0 0.1609375 0.020370370370370372 0.01875 0.016666666666666666
0 0.43072916666666666 0.027777777777777776 0.026041666666666668 0.037037037037037035
0 0.7369791666666666 0.09583333333333334 0.040625 0.06388888888888888
0 0.7703125 0.07083333333333333 0.03854166666666667 0.05648148148148148
0 0.79453125 0.04583333333333333 0.024479166666666666 0.03981481481481482
0 0.07942708333333333 0.005092592592592593 0.009895833333333333 0.010185185185185186
