0 0.31 0.6973333333333334 0.028 0.032
0 0.6725 0.4653333333333333 0.025 0.050666666666666665
0 0.652 0.402 0.032 0.030666666666666665
0 0.08 0.374 0.05 0.03866666666666667
0 0.7985 0.35933333333333334 0.019 0.036
0 0.9795 0.37 0.033 0.07066666666666667
0 0.801 0.31933333333333336 0.042 0.05466666666666667
0 0.7215 0.27066666666666667 0.043 0.042666666666666665
0 0.6105 0.17533333333333334 0.027 0.06533333333333333
0 0.8215 0.08066666666666666 0.025 0.030666666666666665
0 0.796 0.06733333333333333 0.026 0.05733333333333333
0 0.0155 0.06666666666666667 0.031 0.056
0 0.0365 0.05 0.019 0.044
0 0.0395 0.023333333333333334 0.023 0.025333333333333333
