0 0.2685 0.5266666666666666 0.027 0.013333333333333334
0 0.328 0.498 0.04 0.030666666666666665
0 0.2345 0.4726666666666667 0.029 0.028
0 0.2945 0.4513333333333333 0.019 0.012
0 0.7425 0.37533333333333335 0.019 0.03866666666666667
0 0.669 0.3473333333333333 0.02 0.012
0 0.3215 0.33866666666666667 0.011 0.029333333333333333
0 0.2175 0.19866666666666666 0.021 0.058666666666666666
0 0.9175 0.156 0.025 0.024
0 0.0105 0.16066666666666668 0.021 0.036
0 0.932 0.15266666666666667 0.01 0.02266666666666667
0 0.0255 0.15 0.017 0.017333333333333333
0 0.9765 0.14266666666666666 0.031 0.04533333333333334
0 0.354 0.13466666666666666 0.038 0.029333333333333333
0 0.78 0.12266666666666666 0.048 0.02666666666666667
0 0.084 0.030666666666666665 0.014 0.010666666666666666
0 0.14 0.07933333333333334 0.022 0.012
