0 0.434 0.872 0.028 0.06933333333333333
0 0.9135 0.8606666666666667 0.035 0.06266666666666666
0 0.6815 0.7966666666666666 0.033 0.02266666666666667
0 0.628 0.6266666666666667 0.036 0.034666666666666665
0 0.5585 0.578 0.029 0.03333333333333333
0 0.6955 0.568 0.017 0.037333333333333336
0 0.7425 0.56 0.023 0.042666666666666665
0 0.1435 0.444 0.049 0.04533333333333334
0 0.2345 0.38866666666666666 0.039 0.028
0 0.08 0.37866666666666665 0.026 0.021333333333333333
0 0.141 0.354 0.026 0.030666666666666665
0 0.8885 0.35933333333333334 0.039 0.06533333333333333
0 0.11 0.31133333333333335 0.016 0.030666666666666665
0 0.281 0.2 0.022 0.021333333333333333
0 0.3635 0.16866666666666666 0.045 0.04133333333333333
0 0.522 0.15266666666666667 0.044 0.07333333333333333
0 0.162 0.018 0.026 0.036
0 0.2605 0.014666666666666666 0.019 0.029333333333333333
