0 0.3405 0.43066666666666664 0.033 0.018666666666666668
0 0.1745 0.43133333333333335 0.055 0.028
0 0.3205 0.41933333333333334 0.029 0.03333333333333333
0 0.665 0.3526666666666667 0.052 0.03333333333333333
0 0.92 0.3333333333333333 0.026 0.024
0 0.3405 0.332 0.041 0.058666666666666666
0 0.212 0.2866666666666667 0.032 0.064
0 0.8915 0.24866666666666667 0.031 0.06533333333333333
0 0.1245 0.21266666666666667 0.041 0.05733333333333333
0 0.0155 0.07933333333333334 0.031 0.028
0 0.577 0.029333333333333333 0.036 0.042666666666666665
0 0.924 0.017333333333333333 0.044 0.02666666666666667
