0 0.01640625 0.11574074074074074 0.0140625 0.03148148148148148
0 0.04036456743876139 0.05092593299018012 0.02968746821085612 0.024074091734709563
0 0.048958349227905276 0.03055556261980975 0.030208365122477213 0.02777779543841327
0 0.01796875 0.16064814814814815 0.0359375 0.028703703703703703
0 0.20546875 0.06944444444444445 0.0359375 0.03333333333333333
0 0.06536458333333334 0.1388888888888889 0.06510416666666667 0.04814814814814815
0 0.4669270833333333 0.41157415884512444 0.06822916666666666 0.12314833181875723
0 0.005208333333333333 0.09351851851851851 0.009375 0.025925925925925925
0 0.004427083333333333 0.053703703703703705 0.0078125 0.012962962962962963
0 0.06822916666666666 0.037037037037037035 0.009375 0.012962962962962963
0 0.050520833333333334 0.044444444444444446 0.017708333333333333 0.011111111111111112
0 0.2708333333333333 0.01574074074074074 0.014583333333333334 0.018518518518518517
0 0.4778645833333333 0.047685185185185185 0.024479166666666666 0.03611111111111111
0 0.6627604166666666 0.10694444444444444 0.0421875 0.06388888888888888
0 0.8005208333333333 0.10462962962962963 0.036458333333333336 0.06481481481481481
0 0.8278645833333333 0.08055555555555556 0.0296875 0.044444444444444446
0 0.14270833333333333 0.011574074074074073 0.013541666666666667 0.012037037037037037
0 0.2630208333333333 0.006481481481481481 0.007291666666666667 0.012962962962962963
0 0.8463541666666666 0.08564814814814815 0.025 0.049074074074074076
