0 0.3395 0.9913333333333333 0.015 0.017333333333333333
0 0.3265 0.9606666666666667 0.021 0.017333333333333333
0 0.5255 0.9486666666666667 0.045 0.044
0 0.761 0.8973333333333333 0.046 0.02666666666666667
0 0.3145 0.9006666666666666 0.019 0.07066666666666667
0 0.4015 0.8866666666666667 0.017 0.048
0 0.433 0.8286666666666667 0.014 0.030666666666666665
0 0.212 0.8206666666666667 0.022 0.03333333333333333
0 0.3305 0.8153333333333334 0.019 0.025333333333333333
0 0.808 0.6686666666666666 0.052 0.028
0 0.4055 0.65 0.021 0.025333333333333333
0 0.4045 0.5033333333333333 0.013 0.017333333333333333
0 0.3835 0.49266666666666664 0.015 0.03866666666666667
0 0.3915 0.42333333333333334 0.021 0.06533333333333333
0 0.365 0.3486666666666667 0.034 0.04133333333333333
0 0.209 0.3253333333333333 0.02 0.06666666666666667
0 0.6255 0.292 0.021 0.034666666666666665
0 0.0895 0.29 0.039 0.052
0 0.98 0.2733333333333333 0.016 0.029333333333333333
0 0.132 0.2613333333333333 0.046 0.018666666666666668
0 0.562 0.25266666666666665 0.032 0.02266666666666667
0 0.3605 0.22866666666666666 0.019 0.03866666666666667
0 0.327 0.178 0.04 0.05733333333333333
0 0.5035 0.13333333333333333 0.027 0.016
0 0.471 0.13866666666666666 0.028 0.056
0 0.9195 0.08466666666666667 0.017 0.02
0 0.322 0.18533333333333332 0.018 0.029333333333333333
