0 0.7175 0.96 0.031 0.024
0 0.446 0.7653333333333333 0.038 0.04
0 0.783 0.7033333333333334 0.018 0.017333333333333333
0 0.312 0.7053333333333334 0.02 0.024
0 0.3255 0.6793333333333333 0.023 0.03866666666666667
0 0.0215 0.5486666666666666 0.027 0.02
0 0.3575 0.472 0.025 0.05333333333333334
0 0.6105 0.416 0.021 0.058666666666666666
0 0.665 0.37133333333333335 0.024 0.028
0 0.323 0.36866666666666664 0.014 0.025333333333333333
0 0.287 0.326 0.012 0.025333333333333333
0 0.126 0.32066666666666666 0.018 0.028
0 0.0085 0.29933333333333334 0.017 0.028
0 0.289 0.2693333333333333 0.048 0.056
0 0.4675 0.238 0.039 0.036
0 0.647 0.21666666666666667 0.01 0.028
0 0.57 0.19066666666666668 0.012 0.037333333333333336
0 0.6995 0.16933333333333334 0.035 0.042666666666666665
0 0.221 0.16266666666666665 0.028 0.048
