0 0.6555 0.8313333333333334 0.023 0.036
0 0.634 0.8293333333333334 0.02 0.037333333333333336
0 0.959 0.7853333333333333 0.04 0.056
0 0.507 0.7473333333333333 0.036 0.028
0 0.6485 0.702 0.027 0.036
0 0.465 0.6726666666666666 0.038 0.05733333333333333
0 0.6855 0.6553333333333333 0.025 0.028
0 0.5135 0.6 0.025 0.02666666666666667
0 0.488 0.5946666666666667 0.022 0.029333333333333333
0 0.879 0.37333333333333335 0.022 0.018666666666666668
0 0.4295 0.34933333333333333 0.019 0.037333333333333336
0 0.524 0.342 0.026 0.028
0 0.2895 0.33066666666666666 0.035 0.032
0 0.3585 0.326 0.035 0.06533333333333333
0 0.447 0.30266666666666664 0.014 0.037333333333333336
0 0.7775 0.2986666666666667 0.017 0.050666666666666665
0 0.9415 0.2673333333333333 0.021 0.02
0 0.9815 0.238 0.037 0.04666666666666667
0 0.39 0.07733333333333334 0.05 0.032
0 0.7865 0.07 0.039 0.044
0 0.8135 0.028666666666666667 0.021 0.05733333333333333
0 0.862 0.025333333333333333 0.024 0.050666666666666665
