0 0.03802083333333333 0.07824074074074074 0.026041666666666668 0.023148148148148147
0 0.6346354166666667 0.24675925925925926 0.0390625 0.09722222222222222
0 0.059895833333333336 0.10277777777777777 0.011458333333333333 0.018518518518518517
0 0.20989583333333334 0.06018518518518518 0.019791666666666666 0.03518518518518519
0 0.18854166666666666 0.0763888888888889 0.015625 0.01574074074074074
0 0.0875 0.059722222222222225 0.029166666666666667 0.03796296296296296
0 0.02265625 0.12083333333333333 0.0265625 0.030555555555555555
0 0.07213541666666666 0.1648148148148148 0.025520833333333333 0.027777777777777776
0 0.54453125 0.36064814814814816 0.0609375 0.12685185185185185
0 0.10625 0.13796296296296295 0.052083333333333336 0.05555555555555555
0 0.08125 0.07546296296296297 0.029166666666666667 0.019444444444444445
0 0.10755208333333334 0.06527777777777778 0.015104166666666667 0.012037037037037037
0 0.17395833333333333 0.04259259259259259 0.013541666666666667 0.011111111111111112
0 0.32395833333333335 0.021296296296296296 0.008333333333333333 0.012962962962962963
0 0.36328125 0.025 0.0078125 0.012962962962962963
0 0.7723958333333333 0.10277777777777777 0.026041666666666668 0.06666666666666667
0 0.7356770833333334 0.12268518518518519 0.024479166666666666 0.058333333333333334
0 0.75390625 0.13055555555555556 0.016145833333333335 0.037037037037037035
0 0.7104166666666667 0.18611111111111112 0.010416666666666666 0.03333333333333333
0 0.7033854166666667 0.1824074074074074 0.013020833333333334 0.03888888888888889
0 0.7153645833333333 0.15416666666666667 0.0140625 0.032407407407407406
0 0.09140625 0.07175925925925926 0.0109375 0.01574074074074074
0 0.22369791666666666 0.03148148148148148 0.0046875 0.007407407407407408
0 0.33828125 0.02546296296296296 0.0078125 0.012037037037037037
0 0.5015625 0.05138888888888889 0.021875 0.028703703703703703
0 0.95859375 0.011111111111111112 0.0171875 0.014814814814814815
0 0.7447916666666666 0.12453703703703704 0.022916666666666665 0.028703703703703703
