0 0.8278645833333333 0.7222222222222222 0.0203125 0.020370370370370372
0 0.5723958333333333 0.2814814814814815 0.020833333333333332 0.014814814814814815
0 0.6309895833333333 0.19398148148148148 0.0140625 0.030555555555555555
0 0.89609375 0.7527777777777778 0.011979166666666667 0.03333333333333333
0 0.71875 0.8328703703703704 0.021875 0.013888888888888888
0 0.4661458333333333 0.2611111111111111 0.019791666666666666 0.022222222222222223
0 0.8072916666666666 0.3055555555555556 0.020833333333333332 0.020370370370370372
0 0.7263020833333333 0.775 0.0203125 0.020370370370370372
0 0.7635416666666667 0.462037037037037 0.020833333333333332 0.024074074074074074
0 0.79296875 0.6958333333333333 0.005729166666666666 0.023148148148148147
0 0.7440104166666667 0.8351851851851851 0.025520833333333333 0.016666666666666666
