0 0.465 0.982 0.022 0.03866666666666667
0 0.5165 0.974 0.029 0.030666666666666665
0 0.4195 0.9606666666666667 0.033 0.04666666666666667
0 0.46 0.938 0.018 0.03866666666666667
0 0.391 0.886 0.034 0.04133333333333333
0 0.7875 0.8426666666666667 0.039 0.034666666666666665
0 0.9675 0.6746666666666666 0.015 0.02666666666666667
0 0.8445 0.6233333333333333 0.027 0.06266666666666666
0 0.9815 0.6253333333333333 0.019 0.06933333333333333
0 0.383 0.612 0.016 0.06666666666666667
0 0.939 0.5566666666666666 0.026 0.025333333333333333
0 0.516 0.508 0.036 0.037333333333333336
0 0.551 0.4653333333333333 0.018 0.02666666666666667
