0 0.6425 0.9773333333333334 0.033 0.04533333333333334
0 0.6245 0.9233333333333333 0.017 0.04133333333333333
0 0.3835 0.7713333333333333 0.039 0.06
0 0.8255 0.6626666666666666 0.019 0.042666666666666665
0 0.1245 0.576 0.019 0.021333333333333333
0 0.337 0.5733333333333334 0.018 0.032
0 0.1405 0.5646666666666667 0.023 0.028
0 0.085 0.56 0.012 0.021333333333333333
0 0.0765 0.552 0.015 0.016
0 0.1245 0.5113333333333333 0.011 0.028
0 0.043 0.44066666666666665 0.01 0.028
0 0.3275 0.444 0.027 0.06133333333333333
0 0.6405 0.406 0.031 0.06533333333333333
0 0.488 0.3873333333333333 0.022 0.03333333333333333
0 0.8675 0.384 0.027 0.056
0 0.8105 0.36933333333333335 0.019 0.064
0 0.0885 0.302 0.025 0.014666666666666666
0 0.122 0.27266666666666667 0.016 0.02266666666666667
0 0.1105 0.24933333333333332 0.021 0.013333333333333334
0 0.0685 0.24533333333333332 0.015 0.04
0 0.896 0.11066666666666666 0.018 0.04
0 0.7195 0.10733333333333334 0.033 0.04133333333333333
0 0.4055 0.08866666666666667 0.019 0.03866666666666667
0 0.8705 0.09 0.021 0.06
0 0.511 0.04933333333333333 0.022 0.032
0 0.5065 0.02 0.029 0.04
0 0.4485 0.022 0.031 0.044
