0 0.09739583333333333 0.06481481481481481 0.021875 0.018518518518518517
0 0.24765625 0.04675925925925926 0.016145833333333335 0.028703703703703703
0 0.13958333333333334 0.05092592592592592 0.025 0.024074074074074074
0 0.13932290077209472 0.13287039862738714 0.02031246821085612 0.02314819406580042
0 0.01328125 0.09722222222222222 0.0265625 0.03888888888888889
0 0.09296875 0.09814814814814815 0.022395833333333334 0.025925925925925925
0 0.5356770833333333 0.27037037037037037 0.03697916666666667 0.08148148148148149
0 0.16640625 0.11064814814814815 0.04114583333333333 0.04722222222222222
0 0.058854166666666666 0.0824074074074074 0.030208333333333334 0.03888888888888889
0 0.4635416666666667 0.2611111111111111 0.06354166666666666 0.1037037037037037
0 0.12057291666666667 0.08009259259259259 0.0067708333333333336 0.021296296296296296
0 0.13489583333333333 0.06342592592592593 0.025 0.01574074074074074
0 0.15729166666666666 0.05462962962962963 0.013541666666666667 0.012962962962962963
0 0.21354166666666666 0.03611111111111111 0.011458333333333333 0.009259259259259259
0 0.23125 0.06018518518518518 0.016666666666666666 0.018518518518518517
0 0.3494791666666667 0.014351851851851852 0.007291666666666667 0.013888888888888888
0 0.38567708333333334 0.018055555555555554 0.0067708333333333336 0.012037037037037037
0 0.51015625 0.03935185185185185 0.018229166666666668 0.023148148148148147
0 0.68671875 0.12916666666666668 0.021354166666666667 0.06388888888888888
0 0.66015625 0.16064814814814815 0.0203125 0.04351851851851852
0 0.6223958333333334 0.14351851851851852 0.03333333333333333 0.04814814814814815
0 0.6205729166666667 0.17685185185185184 0.03697916666666667 0.06296296296296296
0 0.5760416666666667 0.19814814814814816 0.020833333333333332 0.05
0 0.6033854166666667 0.2050925925925926 0.024479166666666666 0.04351851851851852
0 0.25755208333333335 0.02546296296296296 0.0036458333333333334 0.006481481481481481
0 0.3625 0.018518518518518517 0.00625 0.007407407407407408
