0 0.21510416666666668 0.04351853617915401 0.016666666666666666 0.01296300005029749
0 0.2484375 0.020833333333333332 0.025 0.03611111111111111
0 0.10755208333333334 0.07546296296296297 0.0234375 0.023148148148148147
0 0.01640625 0.05324074074074074 0.030729166666666665 0.030555555555555555
0 0.51171875 0.4842592592592593 0.10572916666666667 0.1
0 0.024479166666666666 0.15787037037037038 0.04895833333333333 0.04722222222222222
0 0.03854166666666667 0.055092592592592596 0.015625 0.019444444444444445
0 0.1171875 0.031018518518518518 0.013541666666666667 0.012037037037037037
0 0.28880208333333335 0.008333333333333333 0.0171875 0.016666666666666666
0 0.3216145833333333 0.018518518518518517 0.0078125 0.014814814814814815
0 0.46770833333333334 0.05555555555555555 0.025 0.03518518518518519
0 0.7453125 0.12777777777777777 0.03958333333333333 0.06666666666666667
0 0.7703125 0.1175925925925926 0.028125 0.06481481481481481
0 0.79765625 0.10324074074074074 0.024479166666666666 0.03796296296296296
0 0.8278645833333333 0.07268518518518519 0.028645833333333332 0.05277777777777778
0 0.8528645833333334 0.05694444444444444 0.011979166666666667 0.025
0 0.88828125 0.031018518518518518 0.018229166666666668 0.041666666666666664
0 0.017708333333333333 0.060648148148148145 0.014583333333333334 0.013888888888888888
0 0.011979166666666667 0.07314814814814814 0.023958333333333335 0.012962962962962963
0 0.7921875 0.012037037037037037 0.008333333333333333 0.018518518518518517
0 0.8130208333333333 0.011574074074074073 0.010416666666666666 0.017592592592592594
0 0.9497395833333333 0.013425925925925926 0.019270833333333334 0.021296296296296296
0 0.29765625 0.015277777777777777 0.009895833333333333 0.01574074074074074
