0 0.13385416666666666 0.059722222222222225 0.014583333333333334 0.021296296296296296
0 0.009895833333333333 0.046296296296296294 0.01875 0.03148148148148148
0 0.01640625 0.15324074074074073 0.0328125 0.04351851851851852
0 0.1421875 0.524537037037037 0.140625 0.14907407407407408
0 0.47994798024495444 0.47268510041413486 0.1015626589457194 0.1064812978108724
0 0.023697916666666666 0.05324074074074074 0.0140625 0.013888888888888888
0 0.10572916666666667 0.026851851851851852 0.010416666666666666 0.012962962962962963
0 0.22526041666666666 0.03287037037037037 0.018229166666666668 0.01574074074074074
0 0.23489583333333333 0.01712962962962963 0.026041666666666668 0.032407407407407406
0 0.3104166666666667 0.018055555555555554 0.009375 0.021296296296296296
0 0.4518229166666667 0.05185185185185185 0.0234375 0.037037037037037035
0 0.7239583333333334 0.13055555555555556 0.03958333333333333 0.05925925925925926
0 0.7471354166666667 0.11435185185185186 0.025520833333333333 0.06388888888888888
0 0.7770833333333333 0.10185185185185185 0.027083333333333334 0.037037037037037035
0 0.8098958333333334 0.07314814814814814 0.029166666666666667 0.05185185185185185
0 0.8328125 0.055092592592592596 0.0125 0.028703703703703703
0 0.8854166666666666 0.016666666666666666 0.014583333333333334 0.03148148148148148
0 0.27421875 0.007407407407407408 0.0140625 0.012962962962962963
0 0.7984375 0.008796296296296297 0.011458333333333333 0.01574074074074074
0 0.7778645833333333 0.011111111111111112 0.0109375 0.020370370370370372
0 0.9361979166666666 0.0125 0.019270833333333334 0.021296296296296296
0 0.0046875 0.06388888888888888 0.008333333333333333 0.020370370370370372
