0 0.7533854166666667 0.5314814814814814 0.016145833333333335 0.016666666666666666
0 0.32473958333333336 0.40555555555555556 0.025520833333333333 0.037037037037037035
0 0.8197916666666667 0.5180555555555556 0.023958333333333335 0.023148148148148147
0 0.21171875 0.4564814814814815 0.021354166666666667 0.05
0 0.7799479166666666 0.7481481481481481 0.027604166666666666 0.018518518518518517
0 0.403125 0.1300925925925926 0.025 0.026851851851851852
0 0.75859375 0.7717592592592593 0.028645833333333332 0.021296296296296296
0 0.8908854166666667 0.4666666666666667 0.028645833333333332 0.03518518518518519
0 0.571875 0.14027777777777778 0.022916666666666665 0.03425925925925926
0 0.58671875 0.35555555555555557 0.027604166666666666 0.025925925925925925
0 0.7502604166666667 0.6736111111111112 0.025520833333333333 0.032407407407407406
0 0.8080729166666667 0.6189814814814815 0.0171875 0.04351851851851852
