0 0.263 0.932 0.03 0.02666666666666667
0 0.448 0.9293333333333333 0.026 0.034666666666666665
0 0.449 0.9126666666666666 0.018 0.014666666666666666
0 0.2635 0.9133333333333333 0.019 0.02666666666666667
0 0.0725 0.864 0.025 0.04533333333333334
0 0.7565 0.804 0.021 0.02666666666666667
0 0.744 0.784 0.012 0.018666666666666668
0 0.762 0.7806666666666666 0.026 0.044
0 0.5395 0.6586666666666666 0.035 0.032
0 0.5425 0.636 0.023 0.021333333333333333
0 0.385 0.51 0.048 0.025333333333333333
0 0.8805 0.5026666666666667 0.025 0.018666666666666668
0 0.02 0.10666666666666667 0.022 0.029333333333333333
0 0.839 0.014 0.032 0.025333333333333333
