0 0.6195 0.528 0.021 0.024
0 0.451 0.48333333333333334 0.048 0.036
0 0.4055 0.4713333333333333 0.017 0.02
0 0.7295 0.4513333333333333 0.037 0.06
0 0.676 0.3313333333333333 0.024 0.030666666666666665
0 0.5275 0.29533333333333334 0.017 0.03333333333333333
0 0.6745 0.29133333333333333 0.017 0.030666666666666665
0 0.5345 0.23466666666666666 0.039 0.04
0 0.0115 0.16933333333333334 0.023 0.05333333333333334
0 0.1755 0.114 0.045 0.02266666666666667
0 0.061 0.068 0.026 0.042666666666666665
0 0.5405 0.21133333333333335 0.033 0.014666666666666666
