0 0.18984375 0.21944444444444444 0.0515625 0.053703703703703705
0 0.4609375 0.3125 0.022916666666666665 0.0787037037037037
0 0.43307291666666664 0.34120370370370373 0.025520833333333333 0.09907407407407408
0 0.53046875 0.24305555555555555 0.0265625 0.06944444444444445
0 0.50234375 0.22916666666666666 0.011979166666666667 0.041666666666666664
0 0.5966145833333333 0.05185185185185185 0.0067708333333333336 0.022222222222222223
0 0.5619791666666667 0.1259259259259259 0.008333333333333333 0.04259259259259259
0 0.5442708333333334 0.15601851851851853 0.013541666666666667 0.05462962962962963
0 0.49713541666666666 0.09814814814814815 0.0171875 0.027777777777777776
0 0.4739583333333333 0.11296296296296296 0.008333333333333333 0.02962962962962963
0 0.6078125 0.04675925925925926 0.007291666666666667 0.010185185185185186
0 0.6166666666666667 0.04027777777777778 0.009375 0.012037037037037037
0 0.0109375 0.33611111111111114 0.021875 0.037037037037037035
0 0.5005208333333333 0.07962962962962963 0.013541666666666667 0.018518518518518517
0 0.5182291666666666 0.09212962962962963 0.007291666666666667 0.028703703703703703
