0 0.253125 0.006481481481481481 0.008333333333333333 0.012962962962962963
0 0.02578125 0.04814813401963976 0.030729166666666665 0.02222219396520544
0 0.010416666666666666 0.1625 0.020833333333333332 0.028703703703703703
0 0.4166666666666667 0.44074074074074077 0.04895833333333333 0.16666666666666666
0 0.03567708333333333 0.03194444444444444 0.03177083333333333 0.032407407407407406
0 0.17864583333333334 0.06851851851851852 0.0375 0.03333333333333333
0 0.05078125 0.1388888888888889 0.0640625 0.046296296296296294
0 0.00546875 0.1087962962962963 0.009895833333333333 0.017592592592592594
0 0.036458333333333336 0.04351851851851852 0.013541666666666667 0.012962962962962963
0 0.0546875 0.03611111111111111 0.009375 0.018518518518518517
0 0.13125 0.012037037037037037 0.015625 0.012962962962962963
0 0.46979166666666666 0.04675925925925926 0.023958333333333335 0.03611111111111111
0 0.7104166666666667 0.12407407407407407 0.04791666666666667 0.06851851851851852
0 0.7869791666666667 0.10092592592592593 0.0375 0.06111111111111111
0 0.8143229166666667 0.07685185185185185 0.025520833333333333 0.03333333333333333
0 0.0033854166666666668 0.11666666666666667 0.005729166666666666 0.020370370370370372
0 0.259375 0.018055555555555554 0.013541666666666667 0.019444444444444445
0 0.83515625 0.08518518518518518 0.015104166666666667 0.05
