0 0.488 0.8793333333333333 0.034 0.02
0 0.767 0.8073333333333333 0.026 0.06533333333333333
0 0.5235 0.788 0.037 0.042666666666666665
0 0.4225 0.744 0.025 0.06133333333333333
0 0.733 0.6273333333333333 0.032 0.02266666666666667
0 0.598 0.6086666666666667 0.022 0.03866666666666667
0 0.125 0.54 0.028 0.05333333333333334
0 0.6085 0.4666666666666667 0.053 0.032
0 0.2565 0.304 0.021 0.02666666666666667
0 0.244 0.284 0.012 0.018666666666666668
0 0.262 0.2806666666666667 0.026 0.044
0 0.0395 0.15866666666666668 0.035 0.032
0 0.0425 0.136 0.023 0.021333333333333333
0 0.3805 0.006 0.025 0.012
