0 0.17630208333333333 0.07222222222222222 0.0203125 0.020370370370370372
0 0.016145833333333335 0.0763888888888889 0.027083333333333334 0.019444444444444445
0 0.04609375 0.10277777777777777 0.015104166666666667 0.025925925925925925
0 0.06822916666666666 0.05694444444444444 0.03229166666666667 0.030555555555555555
0 0.02890625 0.11944444444444445 0.027604166666666666 0.02962962962962963
0 0.228125 0.047685185185185185 0.027083333333333334 0.026851851851851852
0 0.05078125 0.1726851851851852 0.0265625 0.030555555555555555
0 0.5619791666666667 0.40555555555555556 0.09270833333333334 0.1
0 0.08619791666666667 0.14629629629629629 0.05364583333333333 0.05740740740740741
0 0.06145833333333333 0.07361111111111111 0.034375 0.021296296296296296
0 0.08932291666666667 0.06296296296296296 0.015104166666666667 0.012962962962962963
0 0.15989583333333332 0.038425925925925926 0.009375 0.010185185185185186
0 0.3145833333333333 0.01712962962962963 0.009375 0.01574074074074074
0 0.35546875 0.025 0.008854166666666666 0.016666666666666666
0 0.4986979166666667 0.05416666666666667 0.0234375 0.030555555555555555
0 0.6794270833333333 0.10648148148148148 0.0453125 0.05185185185185185
0 0.765625 0.13333333333333333 0.040625 0.07222222222222222
0 0.7924479166666667 0.1111111111111111 0.016145833333333335 0.040740740740740744
0 0.8544270833333333 0.049074074074074076 0.0234375 0.03888888888888889
0 0.8252604166666667 0.08703703703703704 0.025520833333333333 0.05555555555555555
0 0.07552083333333333 0.06574074074074074 0.016666666666666666 0.016666666666666666
0 0.3302083333333333 0.024074074074074074 0.008333333333333333 0.012962962962962963
0 0.9552083333333333 0.013888888888888888 0.016666666666666666 0.014814814814814815
0 0.8393229166666667 0.07222222222222222 0.009895833333333333 0.02962962962962963
