0 0.72 0.7713333333333333 0.024 0.02266666666666667
0 0.475 0.6 0.038 0.032
0 0.6415 0.4686666666666667 0.013 0.012
0 0.63 0.4706666666666667 0.016 0.029333333333333333
0 0.741 0.4613333333333333 0.036 0.034666666666666665
0 0.4725 0.44066666666666665 0.019 0.02266666666666667
0 0.1715 0.438 0.051 0.03333333333333333
0 0.932 0.4226666666666667 0.016 0.032
0 0.502 0.36866666666666664 0.024 0.036
0 0.184 0.294 0.042 0.030666666666666665
0 0.991 0.19733333333333333 0.018 0.037333333333333336
0 0.1805 0.184 0.019 0.032
0 0.988 0.13 0.024 0.028
0 0.4865 0.06 0.029 0.04533333333333334
0 0.399 0.007333333333333333 0.03 0.014666666666666666
0 0.6475 0.4573333333333333 0.027 0.016
