0 0.8705 0.9393333333333334 0.033 0.03866666666666667
0 0.831 0.9186666666666666 0.022 0.024
0 0.525 0.6506666666666666 0.014 0.02666666666666667
0 0.5115 0.654 0.021 0.044
0 0.589 0.284 0.044 0.02666666666666667
0 0.321 0.18866666666666668 0.022 0.014666666666666666
0 0.2895 0.17266666666666666 0.015 0.02
0 0.36 0.16133333333333333 0.022 0.029333333333333333
0 0.3945 0.156 0.017 0.029333333333333333
0 0.286 0.136 0.014 0.02666666666666667
0 0.8075 0.13266666666666665 0.037 0.03333333333333333
0 0.765 0.078 0.016 0.030666666666666665
0 0.778 0.06 0.018 0.016
0 0.275 0.06666666666666667 0.022 0.032
0 0.316 0.03333333333333333 0.014 0.018666666666666668
