0 0.41328125 0.7018518518518518 0.0703125 0.10740740740740741
0 0.36223958333333334 0.7611111111111111 0.04010416666666667 0.13148148148148148
0 0.55 0.6611111111111111 0.03125 0.046296296296296294
0 0.30130208333333336 0.7898148148148149 0.05572916666666667 0.07962962962962963
0 0.6559895833333333 0.6101851851851852 0.0609375 0.07037037037037037
0 0.8778645833333333 0.5532407407407407 0.03802083333333333 0.05648148148148148
0 0.9106770833333333 0.5574074074074075 0.0453125 0.046296296296296294
0 0.46848958333333335 0.4425925925925926 0.021354166666666667 0.027777777777777776
0 0.48411458333333335 0.43333333333333335 0.011979166666666667 0.012962962962962963
0 0.490625 0.43796296296296294 0.017708333333333333 0.025925925925925925
0 0.38645833333333335 0.4615740740740741 0.008333333333333333 0.008333333333333333
0 0.4322916666666667 0.45694444444444443 0.0125 0.008333333333333333
