0 0.9875 0.988 0.025 0.024
0 0.2835 0.9746666666666667 0.061 0.032
0 0.375 0.9646666666666667 0.022 0.07066666666666667
0 0.253 0.87 0.048 0.03333333333333333
0 0.4265 0.8713333333333333 0.017 0.04666666666666667
0 0.0985 0.8686666666666667 0.035 0.06266666666666666
0 0.42 0.756 0.038 0.056
0 0.608 0.5953333333333334 0.044 0.04933333333333333
0 0.462 0.322 0.048 0.03866666666666667
0 0.817 0.284 0.018 0.02666666666666667
0 0.7905 0.288 0.031 0.058666666666666666
0 0.687 0.03666666666666667 0.02 0.06266666666666666
