0 0.597 0.972 0.02 0.034666666666666665
0 0.9865 0.8046666666666666 0.027 0.044
0 0.398 0.5646666666666667 0.032 0.07066666666666667
0 0.8075 0.392 0.027 0.034666666666666665
0 0.219 0.388 0.042 0.048
0 0.7415 0.36133333333333334 0.023 0.042666666666666665
0 0.7285 0.262 0.027 0.05733333333333333
0 0.3245 0.21466666666666667 0.015 0.056
0 0.58 0.15333333333333332 0.03 0.037333333333333336
0 0.425 0.16466666666666666 0.024 0.068
0 0.8125 0.025333333333333333 0.047 0.04533333333333334
0 0.335 0.21733333333333332 0.016 0.05333333333333334
