0 0.4535 0.852 0.045 0.06133333333333333
0 0.8585 0.7746666666666666 0.019 0.029333333333333333
0 0.8785 0.7313333333333333 0.035 0.02266666666666667
0 0.9795 0.7206666666666667 0.041 0.044
0 0.6145 0.41133333333333333 0.059 0.030666666666666665
0 0.932 0.37066666666666664 0.036 0.029333333333333333
0 0.9365 0.13266666666666665 0.023 0.030666666666666665
0 0.821 0.04466666666666667 0.02 0.044
0 0.919 0.006666666666666667 0.034 0.013333333333333334
0 0.7225 0.7613333333333333 0.021 0.037333333333333336
0 0.8235 0.7446666666666667 0.017 0.014666666666666666
0 0.816 0.8486666666666667 0.018 0.02266666666666667
0 0.7615 0.8386666666666667 0.013 0.013333333333333334
0 0.8315 0.7673333333333333 0.019 0.02
0 0.2965 0.7973333333333333 0.035 0.04533333333333334
0 0.2215 0.8266666666666667 0.045 0.04533333333333334
