0 0.37552083333333336 0.45 0.007291666666666667 0.012962962962962963
0 0.559375 0.46574074074074073 0.010416666666666666 0.012962962962962963
0 0.6278645833333333 0.4861111111111111 0.013020833333333334 0.014814814814814815
0 0.46979166666666666 0.4708333333333333 0.016666666666666666 0.021296296296296296
0 0.43515625 0.47314814814814815 0.022395833333333334 0.014814814814814815
0 0.7614583333333333 0.5046296296296297 0.0125 0.022222222222222223
0 0.016927083333333332 0.5898148148148148 0.0234375 0.07407407407407407
0 0.68515625 0.5768518518518518 0.024479166666666666 0.05925925925925926
0 0.3572916666666667 0.8796296296296297 0.11041666666666666 0.2037037037037037
0 0.20911458333333333 0.4981481481481482 0.009895833333333333 0.020370370370370372
0 0.25703125 0.4726851851851852 0.011979166666666667 0.021296296296296296
0 0.22265625 0.49027777777777776 0.011979166666666667 0.025
0 0.2765625 0.4726851851851852 0.013541666666666667 0.021296296296296296
0 0.34375 0.46111111111111114 0.008333333333333333 0.009259259259259259
0 0.3489583333333333 0.4412037037037037 0.003125 0.008333333333333333
0 0.3419270833333333 0.4444444444444444 0.0067708333333333336 0.005555555555555556
0 0.33359375 0.44166666666666665 0.008854166666666666 0.011111111111111112
0 0.3221354166666667 0.46574074074074073 0.009895833333333333 0.007407407407407408
0 0.4036458333333333 0.45416666666666666 0.004166666666666667 0.008333333333333333
0 0.41822916666666665 0.4601851851851852 0.005208333333333333 0.005555555555555556
0 0.41770833333333335 0.4486111111111111 0.010416666666666666 0.012037037037037037
0 0.41302083333333334 0.44583333333333336 0.005208333333333333 0.010185185185185186
0 0.4359375 0.44814814814814813 0.007291666666666667 0.007407407407407408
0 0.44375 0.44722222222222224 0.00625 0.009259259259259259
0 0.48203125 0.44907407407407407 0.0036458333333333334 0.009259259259259259
0 0.5 0.45231481481481484 0.0125 0.01574074074074074
0 0.49635416666666665 0.462037037037037 0.009375 0.009259259259259259
0 0.50390625 0.46296296296296297 0.0109375 0.011111111111111112
0 0.5114583333333333 0.45231481481481484 0.00625 0.008333333333333333
0 0.5208333333333334 0.4537037037037037 0.005208333333333333 0.005555555555555556
0 0.54609375 0.45092592592592595 0.0067708333333333336 0.009259259259259259
0 0.56640625 0.4615740740740741 0.0078125 0.010185185185185186
0 0.6625 0.4638888888888889 0.007291666666666667 0.012962962962962963
0 0.6841145833333333 0.47685185185185186 0.0036458333333333334 0.007407407407407408
0 0.6958333333333333 0.4708333333333333 0.008333333333333333 0.006481481481481481
0 0.6817708333333333 0.4615740740740741 0.011458333333333333 0.012037037037037037
0 0.6885416666666667 0.5518518518518518 0.011458333333333333 0.03888888888888889
0 0.8057291666666667 0.5125 0.016666666666666666 0.023148148148148147
0 0.7981770833333334 0.49444444444444446 0.019270833333333334 0.016666666666666666
0 0.37135416666666665 0.45416666666666666 0.005208333333333333 0.006481481481481481
0 0.43359375 0.45231481481481484 0.005729166666666666 0.004629629629629629
0 0.5565104166666667 0.4550925925925926 0.009895833333333333 0.008333333333333333
0 0.55078125 0.46296296296296297 0.0078125 0.007407407407407408
0 0.69921875 0.4675925925925926 0.0046875 0.007407407407407408
0 0.7908854166666667 0.5032407407407408 0.008854166666666666 0.032407407407407406
0 0.7953125 0.5111111111111111 0.008333333333333333 0.020370370370370372
