0 0.0033854166666666668 0.04351851851851852 0.0067708333333333336 0.02962962962962963
0 0.153125 0.041666680795175055 0.019791666666666666 0.01666669492368345
0 0.22734376589457195 0.01574072308010525 0.025520865122477213 0.029629592542295104
0 0.01328125 0.15 0.025520833333333333 0.046296296296296294
0 0.321875 0.37777777777777777 0.08020833333333334 0.14444444444444443
0 0.4354166666666667 0.47962962962962963 0.08854166666666667 0.13518518518518519
0 0.013541666666666667 0.04675925925925926 0.013541666666666667 0.019444444444444445
0 0.09713541666666667 0.022222222222222223 0.011979166666666667 0.016666666666666666
0 0.30234375 0.011574074074074073 0.0078125 0.01574074074074074
0 0.44635416666666666 0.049074074074074076 0.025 0.037037037037037035
0 0.7221354166666667 0.12546296296296297 0.0453125 0.06759259259259259
0 0.7630208333333334 0.10740740740740741 0.03958333333333333 0.06296296296296296
0 0.80234375 0.06759259259259259 0.0296875 0.05185185185185185
0 0.83046875 0.053703703703703705 0.0140625 0.024074074074074074
0 0.8859375 0.014814814814814815 0.011458333333333333 0.02962962962962963
0 0.27786458333333336 0.009259259259259259 0.008854166666666666 0.014814814814814815
0 0.26640625 0.005555555555555556 0.009895833333333333 0.009259259259259259
0 0.77421875 0.009259259259259259 0.0067708333333333336 0.016666666666666666
0 0.79296875 0.00787037037037037 0.009895833333333333 0.013888888888888888
0 0.9330729166666667 0.011111111111111112 0.0203125 0.020370370370370372
