0 0.290625 0.39375 0.0453125 0.0375
0 0.571875 0.4131944444444444 0.0453125 0.059722222222222225
0 0.397265625 0.3798611111111111 0.02734375 0.0375
0 0.44375 0.31875 0.01875 0.02638888888888889
0 0.66171875 0.4041666666666667 0.025 0.03333333333333333
0 0.91640625 0.36180555555555555 0.0453125 0.034722222222222224
0 0.623046875 0.35833333333333334 0.01796875 0.025
0 0.67734375 0.34375 0.021875 0.029166666666666667
0 0.897265625 0.4215277777777778 0.02109375 0.07916666666666666
0 0.96015625 0.33055555555555555 0.0296875 0.03888888888888889
0 0.93203125 0.46319444444444446 0.0390625 0.04861111111111111
0 0.436328125 0.36180555555555555 0.01953125 0.020833333333333332
0 0.5578125 0.33055555555555555 0.0109375 0.019444444444444445
0 0.5421875 0.3388888888888889 0.009375 0.022222222222222223
