0 0.79921875 0.5685714285714286 0.0234375 0.03142857142857143
0 0.21875 0.6135714285714285 0.0359375 0.03
0 0.35546875 0.5364285714285715 0.01875 0.015714285714285715
0 0.39375 0.515 0.009375 0.015714285714285715
0 0.08203125 0.495 0.0109375 0.01
0 0.326171875 0.535 0.01328125 0.012857142857142857
0 0.286328125 0.5028571428571429 0.01640625 0.014285714285714285
0 0.490625 0.49642857142857144 0.009375 0.012857142857142857
0 0.58046875 0.49214285714285716 0.0109375 0.012857142857142857
0 0.09921875 0.5064285714285715 0.0125 0.012857142857142857
0 0.33046875 0.6264285714285714 0.03125 0.04428571428571428
0 0.101171875 0.49214285714285716 0.00859375 0.007142857142857143
0 0.42109375 0.54 0.0140625 0.02
0 0.266015625 0.6842857142857143 0.05703125 0.04
0 0.4125 0.5342857142857143 0.0171875 0.017142857142857144
0 0.426171875 0.5114285714285715 0.00703125 0.014285714285714285
0 0.422265625 0.5028571428571429 0.00390625 0.005714285714285714
0 0.70390625 0.4835714285714286 0.0125 0.015714285714285715
0 0.69453125 0.4785714285714286 0.00625 0.011428571428571429
