0 0.666796875 0.3194444444444444 0.03515625 0.027777777777777776
0 0.484765625 0.3333333333333333 0.02890625 0.019444444444444445
0 0.13515625 0.35 0.015625 0.011111111111111112
0 0.112109375 0.35347222222222224 0.01484375 0.0125
0 0.294921875 0.31666666666666665 0.01484375 0.011111111111111112
0 0.39453125 0.3076388888888889 0.009375 0.015277777777777777
0 0.42890625 0.30069444444444443 0.0109375 0.015277777777777777
0 0.562109375 0.3 0.02421875 0.025
0 0.551953125 0.3159722222222222 0.02421875 0.018055555555555554
0 0.691796875 0.33611111111111114 0.02109375 0.019444444444444445
0 0.718359375 0.3701388888888889 0.01484375 0.018055555555555554
0 0.796875 0.30486111111111114 0.0265625 0.018055555555555554
