0 0.41171875 0.41458333333333336 0.0375 0.0375
0 0.510546875 0.6173611111111111 0.11953125 0.12916666666666668
0 0.699609375 0.46875 0.02265625 0.0375
0 0.797265625 0.3993055555555556 0.03984375 0.0375
0 0.17109375 0.4625 0.040625 0.041666666666666664
0 0.933203125 0.3819444444444444 0.03515625 0.03888888888888889
0 0.654296875 0.4326388888888889 0.02421875 0.059722222222222225
0 0.646875 0.3659722222222222 0.0234375 0.034722222222222224
0 0.541796875 0.4986111111111111 0.08203125 0.08055555555555556
0 0.743359375 0.36041666666666666 0.01796875 0.029166666666666667
0 0.305078125 0.43333333333333335 0.02734375 0.025
0 0.23671875 0.5902777777777778 0.059375 0.07777777777777778
0 0.388671875 0.39375 0.02265625 0.02361111111111111
0 0.342578125 0.39652777777777776 0.01171875 0.018055555555555554
0 0.730078125 0.4423611111111111 0.01640625 0.018055555555555554
