0 0.234765625 0.46319444444444446 0.03828125 0.043055555555555555
0 0.451953125 0.4270833333333333 0.04765625 0.043055555555555555
0 0.090625 0.8180555555555555 0.06875 0.10277777777777777
0 0.6359375 0.27847222222222223 0.0125 0.015277777777777777
0 0.194140625 0.45 0.01796875 0.027777777777777776
0 0.384765625 0.35138888888888886 0.01484375 0.025
0 0.422265625 0.32569444444444445 0.01796875 0.018055555555555554
0 0.418359375 0.3402777777777778 0.01796875 0.016666666666666666
0 0.437109375 0.3284722222222222 0.01171875 0.015277777777777777
0 0.432421875 0.3416666666666667 0.01328125 0.013888888888888888
0 0.44609375 0.33402777777777776 0.0125 0.0125
0 0.384765625 0.46111111111111114 0.04609375 0.05555555555555555
0 0.79453125 0.2569444444444444 0.0421875 0.03611111111111111
0 0.778125 0.27708333333333335 0.021875 0.02638888888888889
0 0.89140625 0.2361111111111111 0.03125 0.019444444444444445
