0 0.862109375 0.4625 0.06171875 0.08611111111111111
0 0.155859375 0.3819444444444444 0.01796875 0.027777777777777776
0 0.4734375 0.32708333333333334 0.025 0.04027777777777778
0 0.24765625 0.37083333333333335 0.0125 0.022222222222222223
0 0.091796875 0.42083333333333334 0.02265625 0.04722222222222222
0 0.514453125 0.3472222222222222 0.01328125 0.022222222222222223
0 0.95546875 0.38125 0.015625 0.07361111111111111
0 0.8515625 0.34930555555555554 0.028125 0.04027777777777778
0 0.82578125 0.39791666666666664 0.0203125 0.02361111111111111
0 0.85234375 0.38333333333333336 0.015625 0.022222222222222223
0 0.8828125 0.42291666666666666 0.0234375 0.03194444444444444
