0 0.21953125 0.43819444444444444 0.01875 0.02361111111111111
0 0.63125 0.3798611111111111 0.0359375 0.04027777777777778
0 0.807421875 0.3611111111111111 0.03828125 0.03333333333333333
0 0.302734375 0.41388888888888886 0.02421875 0.03333333333333333
0 0.637890625 0.43125 0.05703125 0.05416666666666667
0 0.22109375 0.4708333333333333 0.0171875 0.022222222222222223
0 0.2828125 0.5833333333333334 0.0453125 0.06666666666666667
0 0.24296875 0.5902777777777778 0.0390625 0.07222222222222222
0 0.20859375 0.5763888888888888 0.0296875 0.058333333333333334
0 0.32265625 0.39861111111111114 0.0109375 0.013888888888888888
0 0.523828125 0.3576388888888889 0.01796875 0.015277777777777777
0 0.965234375 0.36180555555555555 0.02421875 0.029166666666666667
