0 0.478515625 0.30069444444444443 0.01484375 0.018055555555555554
0 0.635546875 0.32430555555555557 0.01328125 0.020833333333333332
0 0.548828125 0.2722222222222222 0.01640625 0.019444444444444445
0 0.394140625 0.2965277777777778 0.01640625 0.018055555555555554
0 0.610546875 0.31527777777777777 0.03359375 0.03888888888888889
0 0.841015625 0.3548611111111111 0.02421875 0.02361111111111111
0 0.408984375 0.30416666666666664 0.01171875 0.013888888888888888
0 0.5546875 0.31527777777777777 0.009375 0.016666666666666666
0 0.4296875 0.29444444444444445 0.009375 0.013888888888888888
0 0.423828125 0.3 0.01015625 0.016666666666666666
0 0.414453125 0.2972222222222222 0.01015625 0.013888888888888888
0 0.46640625 0.28402777777777777 0.015625 0.015277777777777777
0 0.52890625 0.3 0.0265625 0.03888888888888889
0 0.64765625 0.3284722222222222 0.01875 0.018055555555555554
