0 0.728515625 0.24444444444444444 0.03046875 0.03333333333333333
0 0.198828125 0.46041666666666664 0.02734375 0.04583333333333333
0 0.4140625 0.39166666666666666 0.0421875 0.05
0 0.643359375 0.24305555555555555 0.02109375 0.027777777777777776
0 0.73046875 0.46875 0.0484375 0.09027777777777778
0 0.3140625 0.3972222222222222 0.0296875 0.03611111111111111
0 0.27265625 0.41597222222222224 0.0234375 0.029166666666666667
0 0.289453125 0.41041666666666665 0.01484375 0.03194444444444444
0 0.294140625 0.4236111111111111 0.00859375 0.016666666666666666
0 0.352734375 0.3875 0.01328125 0.019444444444444445
0 0.3640625 0.3458333333333333 0.0078125 0.013888888888888888
0 0.37578125 0.33402777777777776 0.00625 0.02361111111111111
0 0.879296875 0.19791666666666666 0.02578125 0.029166666666666667
