0 0.53203125 0.4444444444444444 0.0265625 0.03333333333333333
0 0.51171875 0.58125 0.1046875 0.10138888888888889
0 0.819921875 0.42083333333333334 0.05546875 0.044444444444444446
0 0.5859375 0.4097222222222222 0.0203125 0.03333333333333333
0 0.64921875 0.3819444444444444 0.021875 0.027777777777777776
0 0.926953125 0.5930555555555556 0.06953125 0.15
0 0.21875 0.5979166666666667 0.0234375 0.07361111111111111
0 0.401171875 0.44513888888888886 0.01328125 0.018055555555555554
0 0.635546875 0.41458333333333336 0.01484375 0.015277777777777777
0 0.675390625 0.37777777777777777 0.01015625 0.019444444444444445
0 0.6921875 0.38333333333333336 0.015625 0.019444444444444445
0 0.71171875 0.41180555555555554 0.0203125 0.029166666666666667
0 0.69296875 0.4041666666666667 0.03125 0.03611111111111111
0 0.785546875 0.475 0.02109375 0.016666666666666666
0 0.77578125 0.36944444444444446 0.0171875 0.019444444444444445
0 0.790625 0.3770833333333333 0.01875 0.020833333333333332
0 0.811328125 0.38472222222222224 0.01015625 0.016666666666666666
0 0.861328125 0.3819444444444444 0.01015625 0.019444444444444445
