0 0.576171875 0.3263888888888889 0.03671875 0.030555555555555555
0 0.7546875 0.3194444444444444 0.028125 0.025
0 0.171484375 0.48541666666666666 0.02578125 0.05138888888888889
0 0.414453125 0.3451388888888889 0.03984375 0.034722222222222224
0 0.436328125 0.38680555555555557 0.03984375 0.059722222222222225
0 0.547265625 0.34652777777777777 0.02890625 0.03194444444444444
0 0.66484375 0.3104166666666667 0.0328125 0.02361111111111111
0 0.237890625 0.4361111111111111 0.04921875 0.06666666666666667
0 0.620703125 0.2875 0.02265625 0.025
0 0.544921875 0.3090277777777778 0.01640625 0.018055555555555554
0 0.516015625 0.27291666666666664 0.01328125 0.015277777777777777
0 0.439453125 0.3055555555555556 0.01015625 0.016666666666666666
0 0.848046875 0.4965277777777778 0.06796875 0.0875
0 0.27109375 0.42430555555555555 0.0171875 0.02638888888888889
0 0.62109375 0.30625 0.0109375 0.009722222222222222
0 0.894140625 0.4076388888888889 0.04609375 0.04861111111111111
0 0.8890625 0.38472222222222224 0.0203125 0.041666666666666664
0 0.891015625 0.6083333333333333 0.06015625 0.125
0 0.856640625 0.6027777777777777 0.02578125 0.075
