0 0.9546875 0.30416666666666664 0.0765625 0.06388888888888888
0 0.893359375 0.2534722222222222 0.03203125 0.04583333333333333
0 0.638671875 0.30833333333333335 0.02265625 0.041666666666666664
0 0.444921875 0.34444444444444444 0.01640625 0.041666666666666664
0 0.28671875 0.5034722222222222 0.034375 0.04027777777777778
0 0.24140625 0.5243055555555556 0.0296875 0.07361111111111111
0 0.748046875 0.3020833333333333 0.02421875 0.020833333333333332
0 0.69140625 0.3104166666666667 0.021875 0.02361111111111111
0 0.694921875 0.2743055555555556 0.01796875 0.02361111111111111
0 0.911328125 0.2548611111111111 0.02109375 0.029166666666666667
