0 0.29140625 0.3909722222222222 0.046875 0.0375
0 0.3875 0.39444444444444443 0.03125 0.041666666666666664
0 0.5453125 0.3347222222222222 0.015625 0.019444444444444445
0 0.436328125 0.3576388888888889 0.01484375 0.015277777777777777
0 0.61953125 0.35625 0.0140625 0.02361111111111111
0 0.451171875 0.3055555555555556 0.01171875 0.022222222222222223
0 0.678125 0.34375 0.0234375 0.029166666666666667
0 0.911328125 0.3736111111111111 0.01640625 0.022222222222222223
0 0.950390625 0.38819444444444445 0.02890625 0.04583333333333333
0 0.49140625 0.38125 0.0140625 0.02638888888888889
0 0.658984375 0.4013888888888889 0.01796875 0.030555555555555555
0 0.670703125 0.4125 0.01015625 0.025
0 0.839453125 0.39166666666666666 0.01484375 0.013888888888888888
0 0.770703125 0.3909722222222222 0.03203125 0.03194444444444444
