0 0.604296875 0.4131944444444444 0.01953125 0.04027777777777778
0 0.733984375 0.44513888888888886 0.06171875 0.059722222222222225
0 0.76328125 0.40069444444444446 0.05 0.04583333333333333
0 0.81484375 0.41944444444444445 0.03125 0.03333333333333333
0 0.419140625 0.3909722222222222 0.02265625 0.02638888888888889
0 0.4703125 0.40347222222222223 0.0171875 0.015277777777777777
0 0.276171875 0.6368055555555555 0.05546875 0.11527777777777778
0 0.162109375 0.4375 0.01171875 0.019444444444444445
0 0.21015625 0.4284722222222222 0.0296875 0.02361111111111111
0 0.399609375 0.4 0.01015625 0.016666666666666666
0 0.251171875 0.5993055555555555 0.04609375 0.059722222222222225
0 0.54375 0.3958333333333333 0.015625 0.03888888888888889
0 0.551171875 0.3972222222222222 0.01015625 0.016666666666666666
0 0.64140625 0.3638888888888889 0.00625 0.016666666666666666
0 0.6484375 0.3611111111111111 0.01875 0.030555555555555555
