0 0.40078125 0.3277777777777778 0.025 0.025
0 0.61328125 0.3194444444444444 0.0265625 0.030555555555555555
0 0.426953125 0.29305555555555557 0.01640625 0.016666666666666666
0 0.53203125 0.28888888888888886 0.0125 0.022222222222222223
0 0.6984375 0.44305555555555554 0.0640625 0.05
0 0.48671875 0.3326388888888889 0.025 0.018055555555555554
0 0.90546875 0.3798611111111111 0.0234375 0.04027777777777778
0 0.358203125 0.37777777777777777 0.02421875 0.027777777777777776
0 0.916015625 0.6041666666666666 0.06953125 0.12777777777777777
0 0.698046875 0.2965277777777778 0.03359375 0.02638888888888889
0 0.095703125 0.3861111111111111 0.02421875 0.030555555555555555
0 0.47734375 0.30833333333333335 0.01875 0.027777777777777776
0 0.404296875 0.30694444444444446 0.01328125 0.016666666666666666
0 0.969921875 0.3680555555555556 0.01328125 0.027777777777777776
