0 0.552734375 0.3472222222222222 0.05078125 0.05555555555555555
0 0.887890625 0.24583333333333332 0.03828125 0.03611111111111111
0 0.66796875 0.28541666666666665 0.0265625 0.02638888888888889
0 0.715625 0.3451388888888889 0.0328125 0.03194444444444444
0 0.206640625 0.4701388888888889 0.02734375 0.034722222222222224
0 0.619140625 0.29305555555555557 0.01484375 0.030555555555555555
0 0.966796875 0.37083333333333335 0.01640625 0.03888888888888889
0 0.96484375 0.2298611111111111 0.0171875 0.018055555555555554
0 0.771875 0.2673611111111111 0.01875 0.015277777777777777
0 0.442578125 0.31527777777777777 0.01796875 0.019444444444444445
0 0.376953125 0.35 0.01171875 0.027777777777777776
