0 0.09609375 0.42430555555555555 0.0265625 0.043055555555555555
0 0.358984375 0.3888888888888889 0.04140625 0.03888888888888889
0 0.237890625 0.3701388888888889 0.01953125 0.02638888888888889
0 0.584375 0.3277777777777778 0.015625 0.016666666666666666
0 0.1875 0.4131944444444444 0.0140625 0.02361111111111111
0 0.15703125 0.40625 0.0125 0.020833333333333332
0 0.598046875 0.2965277777777778 0.01953125 0.02361111111111111
0 0.34609375 0.35555555555555557 0.01875 0.025
0 0.656640625 0.33125 0.02734375 0.02638888888888889
0 0.584765625 0.34652777777777777 0.01953125 0.020833333333333332
