0 0.5921875 0.2916666666666667 0.021875 0.025
0 0.233203125 0.3472222222222222 0.01953125 0.025
0 0.626953125 0.3076388888888889 0.01484375 0.02361111111111111
0 0.2078125 0.3326388888888889 0.0140625 0.009722222222222222
0 0.58125 0.3375 0.025 0.022222222222222223
0 0.455078125 0.31875 0.01328125 0.015277777777777777
0 0.155859375 0.35138888888888886 0.01953125 0.016666666666666666
0 0.275390625 0.3784722222222222 0.01640625 0.03194444444444444
0 0.359375 0.37222222222222223 0.0140625 0.025
0 0.434765625 0.32708333333333334 0.00703125 0.018055555555555554
0 0.490234375 0.4111111111111111 0.01171875 0.03611111111111111
0 0.5734375 0.2923611111111111 0.0125 0.0125
