0 0.64140625 0.36944444444444446 0.0328125 0.03333333333333333
0 0.70859375 0.40069444444444446 0.0515625 0.04861111111111111
0 0.61015625 0.3597222222222222 0.0140625 0.022222222222222223
0 0.5046875 0.4013888888888889 0.0234375 0.022222222222222223
0 0.72109375 0.3541666666666667 0.025 0.022222222222222223
0 0.366796875 0.41388888888888886 0.02109375 0.019444444444444445
0 0.549609375 0.3590277777777778 0.01484375 0.020833333333333332
0 0.616796875 0.39166666666666666 0.01796875 0.025
0 0.525 0.3597222222222222 0.0140625 0.013888888888888888
0 0.166015625 0.4340277777777778 0.02109375 0.02361111111111111
