0 0.335546875 0.4618055555555556 0.08046875 0.0625
0 0.1859375 0.40902777777777777 0.025 0.0375
0 0.654296875 0.425 0.05234375 0.058333333333333334
0 0.281640625 0.36180555555555555 0.01640625 0.029166666666666667
0 0.112109375 0.3993055555555556 0.01953125 0.0375
0 0.47578125 0.32569444444444445 0.021875 0.03194444444444444
0 0.5234375 0.275 0.0125 0.016666666666666666
0 0.410546875 0.29444444444444445 0.01796875 0.022222222222222223
0 0.08125 0.3784722222222222 0.015625 0.03194444444444444
0 0.194921875 0.35 0.01484375 0.013888888888888888
0 0.370703125 0.3055555555555556 0.00859375 0.011111111111111112
0 0.390234375 0.3263888888888889 0.03671875 0.03611111111111111
0 0.358203125 0.3159722222222222 0.02734375 0.02361111111111111
0 0.43671875 0.33958333333333335 0.0171875 0.020833333333333332
0 0.49921875 0.2847222222222222 0.0109375 0.011111111111111112
0 0.571875 0.28055555555555556 0.021875 0.025
0 0.590234375 0.2833333333333333 0.01484375 0.013888888888888888
