0 0.159375 0.5493055555555556 0.0609375 0.08194444444444444
0 0.17578125 0.6298611111111111 0.0671875 0.10694444444444444
0 0.257421875 0.6604166666666667 0.08359375 0.14583333333333334
0 0.282421875 0.4756944444444444 0.06171875 0.07916666666666666
0 0.37109375 0.4215277777777778 0.0296875 0.06527777777777778
0 0.571484375 0.5166666666666667 0.06953125 0.125
0 0.17578125 0.8805555555555555 0.040625 0.16944444444444445
0 0.12421875 0.4756944444444444 0.021875 0.04027777777777778
0 0.452734375 0.6263888888888889 0.02890625 0.08888888888888889
0 0.51015625 0.6201388888888889 0.0375 0.09861111111111111
0 0.7046875 0.6256944444444444 0.0953125 0.1763888888888889
0 0.8984375 0.6305555555555555 0.040625 0.075
0 0.935546875 0.5041666666666667 0.04609375 0.12222222222222222
0 0.91328125 0.6013888888888889 0.05 0.058333333333333334
