0 0.51796875 0.3736111111111111 0.0328125 0.044444444444444446
0 0.866015625 0.49236111111111114 0.03671875 0.05138888888888889
0 0.51328125 0.2965277777777778 0.0234375 0.029166666666666667
0 0.543359375 0.4354166666666667 0.07421875 0.07361111111111111
0 0.468359375 0.3902777777777778 0.04453125 0.04722222222222222
0 0.77421875 0.35347222222222224 0.0515625 0.0375
0 0.539453125 0.34444444444444444 0.01484375 0.030555555555555555
0 0.45859375 0.3034722222222222 0.0125 0.02361111111111111
0 0.95625 0.3659722222222222 0.021875 0.05138888888888889
0 0.909765625 0.3701388888888889 0.01640625 0.02361111111111111
0 0.8015625 0.32569444444444445 0.0421875 0.029166666666666667
0 0.45078125 0.4597222222222222 0.0171875 0.030555555555555555
0 0.4921875 0.44583333333333336 0.0234375 0.03611111111111111
0 0.765234375 0.32083333333333336 0.01171875 0.011111111111111112
0 0.886328125 0.3215277777777778 0.00859375 0.0125
0 0.84921875 0.3486111111111111 0.021875 0.025
0 0.858203125 0.38055555555555554 0.01953125 0.027777777777777776
0 0.884375 0.38680555555555557 0.0203125 0.029166666666666667
0 0.873046875 0.42569444444444443 0.03828125 0.05694444444444444
