0 0.6828125 0.4111111111111111 0.0296875 0.027777777777777776
0 0.6078125 0.4076388888888889 0.0140625 0.02638888888888889
0 0.291796875 0.4409722222222222 0.01953125 0.02361111111111111
0 0.408984375 0.4409722222222222 0.01484375 0.018055555555555554
0 0.3828125 0.45208333333333334 0.0109375 0.020833333333333332
0 0.3921875 0.43680555555555556 0.0203125 0.034722222222222224
0 0.77890625 0.4340277777777778 0.0234375 0.02638888888888889
0 0.760546875 0.43472222222222223 0.02578125 0.025
0 0.64765625 0.4111111111111111 0.0265625 0.027777777777777776
0 0.98125 0.41180555555555554 0.0234375 0.02361111111111111
0 0.9828125 0.4444444444444444 0.0203125 0.044444444444444446
