0 0.496875 0.3951388888888889 0.0359375 0.0375
0 0.11875 0.46319444444444446 0.0265625 0.029166666666666667
0 0.164453125 0.48333333333333334 0.03359375 0.06111111111111111
0 0.53671875 0.41597222222222224 0.03125 0.043055555555555555
0 0.35859375 0.3972222222222222 0.025 0.022222222222222223
0 0.43203125 0.3763888888888889 0.0203125 0.013888888888888888
0 0.6078125 0.3958333333333333 0.015625 0.019444444444444445
0 0.638671875 0.42430555555555555 0.02890625 0.059722222222222225
0 0.509375 0.3597222222222222 0.0203125 0.011111111111111112
0 0.243359375 0.44027777777777777 0.02890625 0.025
0 0.641796875 0.35347222222222224 0.01484375 0.015277777777777777
0 0.168359375 0.45 0.02578125 0.025
0 0.13828125 0.5284722222222222 0.015625 0.018055555555555554
0 0.20546875 0.5833333333333334 0.0265625 0.04722222222222222
0 0.553515625 0.425 0.00703125 0.016666666666666666
