0 0.183203125 0.4083333333333333 0.04140625 0.044444444444444446
0 0.67734375 0.29791666666666666 0.025 0.02361111111111111
0 0.9125 0.5347222222222222 0.0453125 0.10277777777777777
0 0.52265625 0.29305555555555557 0.0234375 0.025
0 0.54921875 0.32222222222222224 0.0125 0.027777777777777776
0 0.676953125 0.33958333333333335 0.02421875 0.02638888888888889
0 0.17890625 0.3402777777777778 0.0125 0.022222222222222223
0 0.13046875 0.35 0.0125 0.013888888888888888
0 0.146875 0.3472222222222222 0.00625 0.013888888888888888
0 0.15703125 0.34652777777777777 0.00625 0.009722222222222222
0 0.153515625 0.34375 0.00859375 0.009722222222222222
0 0.108203125 0.35347222222222224 0.01640625 0.009722222222222222
0 0.641796875 0.3104166666666667 0.02890625 0.029166666666666667
0 0.6453125 0.33611111111111114 0.040625 0.03888888888888889
0 0.346484375 0.31805555555555554 0.01328125 0.019444444444444445
