0 0.2140625 0.37083333333333335 0.0140625 0.03333333333333333
0 0.3640625 0.3923611111111111 0.0171875 0.0375
0 0.12109375 0.43125 0.034375 0.04583333333333333
0 0.249609375 0.33125 0.01796875 0.02361111111111111
0 0.196875 0.46805555555555556 0.0515625 0.058333333333333334
0 0.18359375 0.3472222222222222 0.0203125 0.022222222222222223
0 0.390234375 0.33125 0.01484375 0.020833333333333332
0 0.570703125 0.28194444444444444 0.01796875 0.027777777777777776
0 0.244140625 0.37430555555555556 0.01328125 0.020833333333333332
0 0.16015625 0.6069444444444444 0.1109375 0.09166666666666666
0 0.085546875 0.36041666666666666 0.01484375 0.018055555555555554
0 0.7328125 0.2902777777777778 0.0140625 0.027777777777777776
0 0.149609375 0.39652777777777776 0.02109375 0.018055555555555554
0 0.3171875 0.35138888888888886 0.0140625 0.025
