0 0.7015625 0.44583333333333336 0.0390625 0.03333333333333333
0 0.535546875 0.44027777777777777 0.03984375 0.05277777777777778
0 0.935546875 0.3784722222222222 0.03359375 0.0375
0 0.615234375 0.39444444444444443 0.03046875 0.03611111111111111
0 0.1640625 0.46875 0.0375 0.029166666666666667
0 0.28515625 0.5763888888888888 0.0265625 0.09444444444444444
0 0.389453125 0.3909722222222222 0.02109375 0.015277777777777777
0 0.10546875 0.45694444444444443 0.01875 0.03611111111111111
0 0.20546875 0.42569444444444443 0.0234375 0.018055555555555554
0 0.319921875 0.40069444444444446 0.01640625 0.018055555555555554
0 0.572265625 0.3715277777777778 0.02421875 0.029166666666666667
0 0.5703125 0.35694444444444445 0.025 0.019444444444444445
0 0.61171875 0.4222222222222222 0.015625 0.025
