0 0.37578125 0.6828571428571428 0.0359375 0.04857142857142857
0 0.643359375 0.5614285714285714 0.02265625 0.025714285714285714
0 0.120703125 0.6928571428571428 0.01640625 0.02857142857142857
0 0.0859375 0.6178571428571429 0.04375 0.02142857142857143
0 0.55625 0.47785714285714287 0.009375 0.01
0 0.61640625 0.4692857142857143 0.0078125 0.01
0 0.1671875 0.5328571428571428 0.0140625 0.03142857142857143
0 0.279296875 0.6285714285714286 0.02109375 0.03428571428571429
0 0.06796875 0.67 0.0640625 0.03428571428571429
0 0.595703125 0.5485714285714286 0.00859375 0.014285714285714285
0 0.601953125 0.4785714285714286 0.00546875 0.008571428571428572
0 0.609765625 0.47214285714285714 0.00546875 0.01
0 0.58984375 0.465 0.00625 0.007142857142857143
