0 0.1484375 0.38958333333333334 0.0203125 0.03194444444444444
0 0.239453125 0.3763888888888889 0.02578125 0.03333333333333333
0 0.091796875 0.41805555555555557 0.02421875 0.05277777777777778
0 0.9515625 0.38263888888888886 0.021875 0.06527777777777778
0 0.51640625 0.3388888888888889 0.0234375 0.041666666666666664
0 0.656640625 0.35833333333333334 0.02421875 0.030555555555555555
0 0.843359375 0.3763888888888889 0.02109375 0.027777777777777776
0 0.889453125 0.36180555555555555 0.03671875 0.04027777777777778
0 0.87734375 0.40625 0.0265625 0.04861111111111111
0 0.82890625 0.4 0.021875 0.027777777777777776
0 0.841015625 0.3972222222222222 0.01953125 0.022222222222222223
