0 0.092578125 0.42430555555555555 0.02265625 0.04027777777777778
0 0.316796875 0.35625 0.01953125 0.018055555555555554
0 0.367578125 0.38680555555555557 0.02109375 0.0375
0 0.6578125 0.33125 0.0234375 0.02361111111111111
0 0.5984375 0.29791666666666666 0.0203125 0.02361111111111111
0 0.154296875 0.37916666666666665 0.00859375 0.016666666666666666
0 0.149609375 0.38819444444444445 0.01484375 0.018055555555555554
0 0.275390625 0.38125 0.01484375 0.02638888888888889
0 0.237890625 0.37222222222222223 0.02109375 0.027777777777777776
0 0.583984375 0.3451388888888889 0.01796875 0.020833333333333332
0 0.584765625 0.3236111111111111 0.01484375 0.025
0 0.348828125 0.3527777777777778 0.01328125 0.019444444444444445
