0 0.620703125 0.48125 0.05859375 0.07083333333333333
0 0.488671875 0.63125 0.08203125 0.16527777777777777
0 0.876953125 0.35208333333333336 0.03203125 0.03194444444444444
0 0.4171875 0.32708333333333334 0.015625 0.029166666666666667
0 0.5078125 0.31527777777777777 0.0234375 0.03333333333333333
0 0.856640625 0.4736111111111111 0.06171875 0.06388888888888888
0 0.4828125 0.2951388888888889 0.015625 0.020833333333333332
0 0.134375 0.3486111111111111 0.015625 0.013888888888888888
0 0.9359375 0.3215277777777778 0.0234375 0.02361111111111111
0 0.93046875 0.5243055555555556 0.0390625 0.0763888888888889
0 0.38125 0.2972222222222222 0.0140625 0.011111111111111112
0 0.52734375 0.29375 0.0109375 0.018055555555555554
0 0.5390625 0.3034722222222222 0.009375 0.015277777777777777
0 0.91796875 0.30694444444444446 0.0078125 0.016666666666666666
