0 0.70859375 0.3451388888888889 0.0375 0.043055555555555555
0 0.341796875 0.5479166666666667 0.05078125 0.10694444444444444
0 0.444140625 0.35833333333333334 0.03671875 0.03611111111111111
0 0.782421875 0.7375 0.05703125 0.2
0 0.3609375 0.3229166666666667 0.021875 0.02638888888888889
0 0.867578125 0.5083333333333333 0.05546875 0.07222222222222222
0 0.7203125 0.30694444444444446 0.0203125 0.022222222222222223
0 0.58671875 0.5534722222222223 0.0421875 0.09861111111111111
0 0.510546875 0.3138888888888889 0.01328125 0.03333333333333333
0 0.95390625 0.3486111111111111 0.0421875 0.044444444444444446
0 0.899609375 0.7291666666666666 0.05703125 0.08333333333333333
0 0.9015625 0.6729166666666667 0.0625 0.06527777777777778
0 0.669921875 0.31527777777777777 0.02890625 0.03333333333333333
0 0.640625 0.3194444444444444 0.034375 0.03611111111111111
