0 0.719921875 0.4888888888888889 0.05703125 0.06388888888888888
0 0.694140625 0.3236111111111111 0.03671875 0.030555555555555555
0 0.6765625 0.4284722222222222 0.0453125 0.05138888888888889
0 0.5328125 0.29930555555555555 0.025 0.02638888888888889
0 0.90625 0.36736111111111114 0.0546875 0.04027777777777778
0 0.943359375 0.44583333333333336 0.03046875 0.08333333333333333
0 0.56015625 0.32708333333333334 0.01875 0.015277777777777777
0 0.401171875 0.3013888888888889 0.01484375 0.016666666666666666
0 0.24140625 0.3902777777777778 0.0203125 0.03888888888888889
0 0.515234375 0.32430555555555557 0.01953125 0.015277777777777777
0 0.328125 0.3659722222222222 0.015625 0.02638888888888889
0 0.955859375 0.41805555555555557 0.01953125 0.041666666666666664
