0 0.664453125 0.2972222222222222 0.02421875 0.022222222222222223
0 0.891796875 0.6416666666666667 0.06484375 0.14722222222222223
0 0.377734375 0.3194444444444444 0.01328125 0.022222222222222223
0 0.36015625 0.32083333333333336 0.0125 0.019444444444444445
0 0.443359375 0.31527777777777777 0.03203125 0.025
0 0.4265625 0.3229166666666667 0.009375 0.0125
0 0.551953125 0.2847222222222222 0.01953125 0.016666666666666666
0 0.550390625 0.2965277777777778 0.01640625 0.015277777777777777
0 0.75 0.3020833333333333 0.021875 0.02361111111111111
0 0.662109375 0.37430555555555556 0.01953125 0.029166666666666667
0 0.86953125 0.41944444444444445 0.05625 0.05277777777777778
