0 0.69453125 0.39375 0.0625 0.04583333333333333
0 0.618359375 0.39166666666666666 0.01640625 0.022222222222222223
0 0.552734375 0.3576388888888889 0.02265625 0.015277777777777777
0 0.162109375 0.4305555555555556 0.01953125 0.016666666666666666
0 0.72890625 0.35208333333333336 0.0265625 0.02361111111111111
0 0.365625 0.4131944444444444 0.0171875 0.018055555555555554
0 0.504296875 0.3993055555555556 0.02109375 0.02361111111111111
0 0.52578125 0.35694444444444445 0.0140625 0.013888888888888888
0 0.621875 0.35555555555555557 0.0203125 0.022222222222222223
0 0.61953125 0.3729166666666667 0.03125 0.034722222222222224
