0 0.778515625 0.4840277777777778 0.07265625 0.07083333333333333
0 0.51953125 0.45902777777777776 0.034375 0.07083333333333333
0 0.297265625 0.42986111111111114 0.03203125 0.034722222222222224
0 0.623828125 0.3840277777777778 0.01953125 0.03194444444444444
0 0.666796875 0.41597222222222224 0.02265625 0.020833333333333332
0 0.899609375 0.3715277777777778 0.01328125 0.015277777777777777
0 0.644921875 0.4201388888888889 0.01484375 0.02361111111111111
0 0.86328125 0.37083333333333335 0.015625 0.019444444444444445
0 0.263671875 0.6041666666666666 0.03515625 0.06388888888888888
0 0.353125 0.4895833333333333 0.0453125 0.029166666666666667
0 0.597265625 0.38680555555555557 0.01640625 0.018055555555555554
0 0.948828125 0.3659722222222222 0.02109375 0.020833333333333332
0 0.937109375 0.3701388888888889 0.01171875 0.020833333333333332
