0 0.2265625 0.36875 0.0359375 0.043055555555555555
0 0.39765625 0.3416666666666667 0.028125 0.030555555555555555
0 0.522265625 0.27152777777777776 0.02109375 0.018055555555555554
0 0.233203125 0.33055555555555555 0.01640625 0.013888888888888888
0 0.4 0.3034722222222222 0.0125 0.015277777777777777
0 0.458984375 0.31666666666666665 0.01484375 0.019444444444444445
0 0.46484375 0.3104166666666667 0.021875 0.020833333333333332
0 0.2890625 0.32708333333333334 0.021875 0.018055555555555554
0 0.138671875 0.3680555555555556 0.01796875 0.019444444444444445
0 0.158203125 0.35208333333333336 0.02890625 0.02361111111111111
0 0.1625 0.37083333333333335 0.0265625 0.05
