0 0.524609375 0.4236111111111111 0.02578125 0.027777777777777776
0 0.784765625 0.55 0.03984375 0.1
0 0.38828125 0.4027777777777778 0.01875 0.03611111111111111
0 0.458984375 0.4354166666666667 0.01953125 0.02638888888888889
0 0.20390625 0.4263888888888889 0.0171875 0.016666666666666666
0 0.637109375 0.38055555555555554 0.01484375 0.019444444444444445
0 0.1703125 0.43125 0.0140625 0.015277777777777777
0 0.209765625 0.5756944444444444 0.02890625 0.07361111111111111
0 0.225390625 0.4930555555555556 0.04453125 0.03611111111111111
0 0.24296875 0.4534722222222222 0.03125 0.029166666666666667
0 0.151953125 0.5388888888888889 0.03203125 0.06111111111111111
0 0.24296875 0.59375 0.028125 0.0763888888888889
