0 0.891796875 0.39375 0.03515625 0.04027777777777778
0 0.446484375 0.4861111111111111 0.06171875 0.05
0 0.721875 0.3680555555555556 0.0265625 0.019444444444444445
0 0.422265625 0.4263888888888889 0.01171875 0.022222222222222223
0 0.25 0.45 0.0109375 0.016666666666666666
0 0.3296875 0.5402777777777777 0.0203125 0.022222222222222223
0 0.4609375 0.41597222222222224 0.0171875 0.018055555555555554
0 0.93125 0.37916666666666665 0.01875 0.019444444444444445
0 0.85390625 0.38819444444444445 0.0265625 0.0375
0 0.840625 0.39375 0.0140625 0.029166666666666667
0 0.82890625 0.3888888888888889 0.0203125 0.030555555555555555
0 0.273046875 0.44027777777777777 0.01328125 0.013888888888888888
