0 0.53046875 0.4041666666666667 0.0375 0.03333333333333333
0 0.535546875 0.3576388888888889 0.01328125 0.015277777777777777
0 0.464453125 0.37916666666666665 0.02109375 0.013888888888888888
0 0.631640625 0.3625 0.01640625 0.03333333333333333
0 0.483203125 0.3680555555555556 0.01640625 0.013888888888888888
0 0.576171875 0.35555555555555557 0.01796875 0.016666666666666666
0 0.5453125 0.4215277777777778 0.028125 0.020833333333333332
0 0.403515625 0.38125 0.01640625 0.0125
0 0.3171875 0.41041666666666665 0.0328125 0.029166666666666667
0 0.55859375 0.3576388888888889 0.0203125 0.018055555555555554
0 0.551953125 0.36875 0.03046875 0.02638888888888889
