0 0.893359375 0.23819444444444443 0.03046875 0.018055555555555554
0 0.9328125 0.2673611111111111 0.01875 0.043055555555555555
0 0.72421875 0.30486111111111114 0.028125 0.043055555555555555
0 0.267578125 0.4263888888888889 0.03359375 0.03333333333333333
0 0.494921875 0.4388888888888889 0.08359375 0.08333333333333333
0 0.808984375 0.3020833333333333 0.02265625 0.02361111111111111
0 0.550390625 0.3388888888888889 0.01171875 0.022222222222222223
0 0.57734375 0.3375 0.0125 0.016666666666666666
0 0.046875 0.5368055555555555 0.0203125 0.02638888888888889
0 0.119921875 0.5305555555555556 0.03515625 0.027777777777777776
0 0.250390625 0.4465277777777778 0.01328125 0.02361111111111111
0 0.233984375 0.4361111111111111 0.01484375 0.016666666666666666
0 0.37109375 0.36527777777777776 0.0109375 0.022222222222222223
0 0.378125 0.3625 0.0109375 0.019444444444444445
0 0.54921875 0.3090277777777778 0.0078125 0.015277777777777777
0 0.499609375 0.3125 0.02421875 0.030555555555555555
0 0.51015625 0.30694444444444446 0.028125 0.030555555555555555
0 0.9875 0.25416666666666665 0.0140625 0.025
0 0.9875 0.22708333333333333 0.0140625 0.018055555555555554
0 0.103125 0.5159722222222223 0.01875 0.02361111111111111
