0 0.380859375 0.41458333333333336 0.03671875 0.034722222222222224
0 0.601953125 0.3840277777777778 0.03984375 0.034722222222222224
0 0.420703125 0.42430555555555555 0.02421875 0.043055555555555555
0 0.52578125 0.3680555555555556 0.0125 0.022222222222222223
0 0.205078125 0.42430555555555555 0.01796875 0.018055555555555554
0 0.1765625 0.4638888888888889 0.0203125 0.03888888888888889
0 0.226171875 0.41944444444444445 0.02265625 0.016666666666666666
0 0.20234375 0.5805555555555556 0.03125 0.044444444444444446
0 0.43203125 0.3993055555555556 0.015625 0.015277777777777777
0 0.387109375 0.4013888888888889 0.02890625 0.027777777777777776
