0 0.133203125 0.45069444444444445 0.04609375 0.05138888888888889
0 0.1078125 0.41875 0.0203125 0.04027777777777778
0 0.58046875 0.3236111111111111 0.0203125 0.03333333333333333
0 0.483203125 0.30833333333333335 0.02578125 0.025
0 0.55625 0.3326388888888889 0.015625 0.018055555555555554
0 0.26015625 0.4027777777777778 0.01875 0.022222222222222223
0 0.4265625 0.3645833333333333 0.0328125 0.02638888888888889
0 0.511328125 0.47847222222222224 0.07421875 0.05416666666666667
0 0.525 0.43680555555555556 0.0640625 0.04861111111111111
0 0.960546875 0.4 0.02421875 0.04722222222222222
0 0.578125 0.9409722222222222 0.1046875 0.04861111111111111
0 0.084375 0.38125 0.0109375 0.020833333333333332
