0 0.81875 0.3923611111111111 0.0875 0.09583333333333334
0 0.880078125 0.24513888888888888 0.03984375 0.029166666666666667
0 0.9265625 0.2986111111111111 0.0640625 0.05555555555555555
0 0.59375 0.30833333333333335 0.034375 0.03611111111111111
0 0.33828125 0.4 0.0375 0.030555555555555555
0 0.469921875 0.34444444444444444 0.02109375 0.022222222222222223
0 0.242578125 0.4486111111111111 0.01796875 0.022222222222222223
0 0.166796875 0.4673611111111111 0.03359375 0.0375
0 0.53984375 0.3194444444444444 0.0078125 0.016666666666666666
0 0.779296875 0.27361111111111114 0.01640625 0.016666666666666666
0 0.167578125 0.48819444444444443 0.01640625 0.02361111111111111
