0 0.938671875 0.3923611111111111 0.02421875 0.043055555555555555
0 0.6609375 0.3854166666666667 0.03125 0.02638888888888889
0 0.5359375 0.45555555555555555 0.0296875 0.041666666666666664
0 0.6921875 0.38472222222222224 0.028125 0.03333333333333333
0 0.441796875 0.4041666666666667 0.01484375 0.013888888888888888
0 0.398828125 0.49722222222222223 0.02421875 0.016666666666666666
0 0.123828125 0.5583333333333333 0.05703125 0.044444444444444446
0 0.25859375 0.44166666666666665 0.009375 0.008333333333333333
0 0.265234375 0.4736111111111111 0.03046875 0.027777777777777776
0 0.553125 0.4354166666666667 0.0234375 0.029166666666666667
