0 0.737890625 0.525 0.04140625 0.08888888888888889
0 0.805859375 0.36180555555555555 0.03515625 0.04027777777777778
0 0.939453125 0.47152777777777777 0.05390625 0.11805555555555555
0 0.559765625 0.32083333333333336 0.02109375 0.027777777777777776
0 0.4046875 0.3375 0.040625 0.041666666666666664
0 0.427734375 0.2902777777777778 0.01796875 0.016666666666666666
0 0.899609375 0.4236111111111111 0.03203125 0.04722222222222222
0 0.89609375 0.37222222222222223 0.01875 0.041666666666666664
0 0.401171875 0.30416666666666664 0.00546875 0.011111111111111112
0 0.359765625 0.38055555555555554 0.02890625 0.022222222222222223
0 0.46015625 0.3284722222222222 0.0171875 0.018055555555555554
0 0.47109375 0.3423611111111111 0.0171875 0.018055555555555554
0 0.472265625 0.3013888888888889 0.00546875 0.008333333333333333
0 0.81328125 0.4083333333333333 0.034375 0.05
