0 0.312890625 0.48055555555555557 0.05546875 0.08611111111111111
0 0.403515625 0.41597222222222224 0.03671875 0.05138888888888889
0 0.516015625 0.38958333333333334 0.04609375 0.0375
0 0.781640625 0.39375 0.02578125 0.043055555555555555
0 0.432421875 0.3645833333333333 0.02109375 0.020833333333333332
0 0.9375 0.44166666666666665 0.0328125 0.075
0 0.483984375 0.30833333333333335 0.02734375 0.027777777777777776
0 0.74609375 0.3020833333333333 0.01875 0.020833333333333332
0 0.438671875 0.33611111111111114 0.03359375 0.025
0 0.358203125 0.33958333333333335 0.03828125 0.029166666666666667
0 0.1578125 0.3472222222222222 0.015625 0.019444444444444445
0 0.1421875 0.35625 0.0125 0.0125
0 0.137109375 0.35208333333333336 0.00859375 0.0125
0 0.13125 0.3597222222222222 0.009375 0.011111111111111112
0 0.1984375 0.33541666666666664 0.0046875 0.009722222222222222
0 0.186328125 0.33541666666666664 0.01328125 0.006944444444444444
0 0.37578125 0.29930555555555555 0.00625 0.009722222222222222
0 0.366796875 0.3 0.01015625 0.008333333333333333
0 0.40625 0.3527777777777778 0.0140625 0.016666666666666666
0 0.43046875 0.35 0.0203125 0.013888888888888888
0 0.427734375 0.30972222222222223 0.00703125 0.011111111111111112
0 0.41875 0.3055555555555556 0.00625 0.011111111111111112
0 0.4140625 0.30069444444444443 0.0078125 0.009722222222222222
0 0.460546875 0.3 0.00859375 0.016666666666666666
0 0.46015625 0.3125 0.0109375 0.019444444444444445
0 0.522265625 0.27569444444444446 0.01640625 0.015277777777777777
0 0.541015625 0.31180555555555556 0.01015625 0.02361111111111111
0 0.51953125 0.3284722222222222 0.009375 0.018055555555555554
0 0.528515625 0.36041666666666666 0.01171875 0.018055555555555554
0 0.518359375 0.35208333333333336 0.01171875 0.015277777777777777
