0 0.893359375 0.3548611111111111 0.02890625 0.03194444444444444
0 0.766796875 0.43194444444444446 0.06640625 0.05555555555555555
0 0.496484375 0.45 0.06953125 0.06111111111111111
0 0.339453125 0.60625 0.12109375 0.12638888888888888
0 0.14296875 0.47847222222222224 0.0328125 0.06527777777777778
0 0.6890625 0.4027777777777778 0.04375 0.03333333333333333
0 0.142578125 0.6048611111111111 0.04921875 0.10138888888888889
0 0.36171875 0.41388888888888886 0.034375 0.03333333333333333
0 0.21484375 0.49722222222222223 0.046875 0.05555555555555555
0 0.28984375 0.4125 0.034375 0.019444444444444445
0 0.24140625 0.3923611111111111 0.0171875 0.020833333333333332
0 0.173828125 0.4131944444444444 0.01328125 0.015277777777777777
