0 0.841796875 0.4423611111111111 0.04296875 0.06527777777777778
0 0.302734375 0.6263888888888889 0.06953125 0.07777777777777778
0 0.202734375 0.5736111111111111 0.04140625 0.08055555555555556
0 0.933203125 0.36319444444444443 0.03515625 0.04027777777777778
0 0.581640625 0.35694444444444445 0.01796875 0.019444444444444445
0 0.657421875 0.4173611111111111 0.05859375 0.05694444444444444
0 0.377734375 0.6201388888888889 0.04765625 0.043055555555555555
0 0.267578125 0.5368055555555555 0.06171875 0.0625
0 0.10234375 0.4534722222222222 0.01875 0.034722222222222224
0 0.81171875 0.44583333333333336 0.034375 0.030555555555555555
0 0.33515625 0.4875 0.0296875 0.027777777777777776
0 0.246484375 0.5951388888888889 0.03203125 0.07361111111111111
0 0.30859375 0.4048611111111111 0.0171875 0.020833333333333332
0 0.96171875 0.3680555555555556 0.0171875 0.025
0 0.524609375 0.3645833333333333 0.00703125 0.009722222222222222
0 0.50078125 0.3659722222222222 0.021875 0.020833333333333332
0 0.28515625 0.41875 0.009375 0.018055555555555554
