0 0.741796875 0.32222222222222224 0.03203125 0.025
0 0.653125 0.31180555555555556 0.0328125 0.03194444444444444
0 0.506640625 0.29791666666666666 0.02734375 0.02361111111111111
0 0.320703125 0.3284722222222222 0.03046875 0.02361111111111111
0 0.375 0.3076388888888889 0.0203125 0.02638888888888889
0 0.958203125 0.3638888888888889 0.02109375 0.06111111111111111
0 0.582421875 0.30069444444444443 0.01640625 0.015277777777777777
0 0.461328125 0.4125 0.04765625 0.05277777777777778
0 0.903125 0.3680555555555556 0.034375 0.03333333333333333
0 0.5296875 0.31805555555555554 0.028125 0.030555555555555555
0 0.70234375 0.325 0.0125 0.013888888888888888
0 0.82265625 0.2986111111111111 0.028125 0.016666666666666666
0 0.359375 0.3770833333333333 0.015625 0.02638888888888889
0 0.51015625 0.33819444444444446 0.0265625 0.034722222222222224
0 0.4953125 0.33819444444444446 0.0125 0.015277777777777777
0 0.534375 0.34444444444444444 0.0203125 0.016666666666666666
0 0.549609375 0.3333333333333333 0.00859375 0.019444444444444445
0 0.598828125 0.29444444444444445 0.00859375 0.013888888888888888
0 0.607421875 0.2923611111111111 0.01171875 0.02638888888888889
0 0.81953125 0.33958333333333335 0.0140625 0.015277777777777777
0 0.844921875 0.3145833333333333 0.01015625 0.018055555555555554
0 0.4390625 0.30625 0.0125 0.018055555555555554
0 0.425390625 0.3020833333333333 0.01484375 0.015277777777777777
0 0.341015625 0.33125 0.01328125 0.015277777777777777
0 0.5 0.4201388888888889 0.0296875 0.03194444444444444
