0 0.394140625 0.45625 0.03359375 0.029166666666666667
0 0.228125 0.45694444444444443 0.034375 0.022222222222222223
0 0.948046875 0.3784722222222222 0.02265625 0.029166666666666667
0 0.937890625 0.42291666666666666 0.03515625 0.0375
0 0.764453125 0.4236111111111111 0.02578125 0.025
0 0.573828125 0.47638888888888886 0.03984375 0.04722222222222222
0 0.762109375 0.3701388888888889 0.02890625 0.020833333333333332
0 0.663671875 0.39861111111111114 0.01640625 0.019444444444444445
0 0.40390625 0.4979166666666667 0.040625 0.02638888888888889
0 0.826953125 0.3875 0.02734375 0.022222222222222223
0 0.634375 0.38333333333333336 0.015625 0.027777777777777776
0 0.56953125 0.3958333333333333 0.015625 0.016666666666666666
0 0.594140625 0.3861111111111111 0.01328125 0.013888888888888888
0 0.9765625 0.42430555555555555 0.0296875 0.04861111111111111
0 0.408203125 0.4152777777777778 0.01640625 0.019444444444444445
0 0.594921875 0.4756944444444444 0.01328125 0.020833333333333332
0 0.783984375 0.3770833333333333 0.01484375 0.029166666666666667
