0 0.4671875 0.4076388888888889 0.0421875 0.043055555555555555
0 0.75703125 0.35555555555555557 0.0234375 0.030555555555555555
0 0.212890625 0.5826388888888889 0.02578125 0.07916666666666666
0 0.41875 0.40694444444444444 0.0203125 0.016666666666666666
0 0.23046875 0.4166666666666667 0.0171875 0.013888888888888888
0 0.151171875 0.4361111111111111 0.02109375 0.019444444444444445
0 0.3015625 0.6145833333333334 0.0875 0.1375
0 0.440625 0.4152777777777778 0.021875 0.016666666666666666
0 0.5296875 0.36944444444444446 0.0265625 0.027777777777777776
0 0.564453125 0.36875 0.02265625 0.020833333333333332
0 0.83359375 0.36736111111111114 0.01875 0.018055555555555554
0 0.809765625 0.3729166666666667 0.01953125 0.020833333333333332
0 0.800390625 0.3645833333333333 0.01796875 0.02361111111111111
0 0.921875 0.44166666666666665 0.0375 0.05555555555555555
