0 0.361328125 0.43472222222222223 0.02265625 0.025
0 0.494921875 0.45069444444444445 0.05078125 0.07083333333333333
0 0.119921875 0.5645833333333333 0.04609375 0.04027777777777778
0 0.2703125 0.46875 0.0140625 0.034722222222222224
0 0.2859375 0.48333333333333334 0.0203125 0.022222222222222223
0 0.2703125 0.4888888888888889 0.0265625 0.025
0 0.41328125 0.4215277777777778 0.0078125 0.009722222222222222
0 0.423828125 0.4284722222222222 0.01328125 0.018055555555555554
0 0.581640625 0.37916666666666665 0.01796875 0.019444444444444445
0 0.651171875 0.3715277777777778 0.01171875 0.015277777777777777
0 0.623828125 0.3840277777777778 0.01015625 0.018055555555555554
0 0.658203125 0.38819444444444445 0.01015625 0.0125
0 0.667578125 0.3840277777777778 0.01640625 0.02361111111111111
