0 0.85625 0.5416666666666666 0.0375 0.03333333333333333
0 0.43125 0.5736111111111111 0.0359375 0.027777777777777776
0 0.496875 0.5625 0.028125 0.030555555555555555
0 0.674609375 0.5847222222222223 0.03515625 0.03333333333333333
0 0.59375 0.55 0.0109375 0.030555555555555555
0 0.7578125 0.4930555555555556 0.0078125 0.016666666666666666
0 0.634375 0.5916666666666667 0.0359375 0.03611111111111111
0 0.5484375 0.5819444444444445 0.01875 0.04722222222222222
0 0.734375 0.48125 0.009375 0.009722222222222222
0 0.549609375 0.5618055555555556 0.02421875 0.03194444444444444
0 0.56484375 0.5736111111111111 0.021875 0.03333333333333333
0 0.578515625 0.58125 0.00703125 0.0125
0 0.633203125 0.5673611111111111 0.02265625 0.029166666666666667
0 0.636328125 0.5597222222222222 0.02421875 0.030555555555555555
0 0.75 0.48055555555555557 0.00625 0.008333333333333333
