0 0.51875 0.3416666666666667 0.0296875 0.05277777777777778
0 0.599609375 0.2986111111111111 0.03984375 0.041666666666666664
0 0.71171875 0.4173611111111111 0.084375 0.08472222222222223
0 0.396875 0.33125 0.0140625 0.03194444444444444
0 0.706640625 0.25069444444444444 0.02265625 0.034722222222222224
0 0.35390625 0.3770833333333333 0.0296875 0.0375
0 0.67578125 0.29930555555555555 0.021875 0.02361111111111111
0 0.69375 0.325 0.0375 0.03611111111111111
0 0.326953125 0.37083333333333335 0.02109375 0.016666666666666666
0 0.26953125 0.4152777777777778 0.0171875 0.013888888888888888
0 0.288671875 0.4097222222222222 0.02578125 0.019444444444444445
0 0.420703125 0.3138888888888889 0.02109375 0.016666666666666666
0 0.74609375 0.24583333333333332 0.015625 0.022222222222222223
0 0.758984375 0.2361111111111111 0.01328125 0.019444444444444445
