0 0.35625 0.3402777777777778 0.021875 0.03333333333333333
0 0.619140625 0.32430555555555557 0.02265625 0.03194444444444444
0 0.595703125 0.3194444444444444 0.02578125 0.027777777777777776
0 0.246875 0.3736111111111111 0.009375 0.019444444444444445
0 0.137109375 0.34930555555555554 0.01796875 0.0125
0 0.44765625 0.33958333333333335 0.0140625 0.015277777777777777
0 0.55 0.31875 0.0125 0.015277777777777777
0 0.519921875 0.39652777777777776 0.03046875 0.02638888888888889
0 0.390625 0.35208333333333336 0.0203125 0.02361111111111111
0 0.5984375 0.29583333333333334 0.0171875 0.022222222222222223
0 0.666796875 0.3854166666666667 0.01640625 0.029166666666666667
0 0.680859375 0.3861111111111111 0.01171875 0.025
