0 0.56640625 0.3194444444444444 0.034375 0.03333333333333333
0 0.7609375 0.3458333333333333 0.0671875 0.05
0 0.42109375 0.35625 0.0234375 0.034722222222222224
0 0.36015625 0.3875 0.0265625 0.03611111111111111
0 0.904296875 0.2361111111111111 0.02734375 0.013888888888888888
0 0.3296875 0.39444444444444443 0.0140625 0.016666666666666666
0 0.2859375 0.4027777777777778 0.028125 0.025
0 0.315234375 0.40625 0.01640625 0.020833333333333332
0 0.4046875 0.3458333333333333 0.0140625 0.019444444444444445
0 0.21484375 0.4513888888888889 0.015625 0.022222222222222223
