0 0.678515625 0.5076388888888889 0.03515625 0.1125
0 0.69453125 0.66875 0.065625 0.08194444444444444
0 0.280859375 0.3527777777777778 0.04140625 0.041666666666666664
0 0.488671875 0.42291666666666666 0.04140625 0.05138888888888889
0 0.466796875 0.3763888888888889 0.03984375 0.044444444444444446
0 0.82734375 0.3423611111111111 0.0421875 0.03194444444444444
0 0.543359375 0.4777777777777778 0.05546875 0.09166666666666666
0 0.371484375 0.34444444444444444 0.03046875 0.03611111111111111
0 0.522265625 0.5881944444444445 0.08359375 0.08194444444444444
0 0.105078125 0.5111111111111111 0.02421875 0.075
0 0.42109375 0.43472222222222223 0.0546875 0.06388888888888888
0 0.3125 0.43194444444444446 0.025 0.03333333333333333
0 0.596875 0.5888888888888889 0.05625 0.06111111111111111
0 0.26953125 0.40347222222222223 0.015625 0.03194444444444444
0 0.57265625 0.4583333333333333 0.0265625 0.05
0 0.62421875 0.5131944444444444 0.0234375 0.05138888888888889
0 0.612109375 0.525 0.03515625 0.05555555555555555
0 0.79609375 0.34305555555555556 0.0171875 0.016666666666666666
0 0.82734375 0.35347222222222224 0.015625 0.018055555555555554
0 0.495703125 0.35208333333333336 0.03046875 0.04861111111111111
0 0.478125 0.35138888888888886 0.0140625 0.013888888888888888
0 0.289453125 0.41458333333333336 0.01953125 0.02638888888888889
0 0.39609375 0.8298611111111112 0.0875 0.16527777777777777
