0 0.275 0.41041666666666665 0.01875 0.015277777777777777
0 0.8828125 0.43680555555555556 0.0765625 0.0625
0 0.144921875 0.4409722222222222 0.01640625 0.02361111111111111
0 0.762109375 0.35833333333333334 0.01640625 0.027777777777777776
0 0.35703125 0.4041666666666667 0.0140625 0.03611111111111111
0 0.4875 0.4027777777777778 0.0359375 0.041666666666666664
0 0.55546875 0.36180555555555555 0.0171875 0.018055555555555554
0 0.864453125 0.3701388888888889 0.01796875 0.018055555555555554
0 0.896484375 0.3701388888888889 0.01796875 0.018055555555555554
0 0.367578125 0.4097222222222222 0.01796875 0.019444444444444445
0 0.45625 0.3951388888888889 0.01875 0.020833333333333332
0 0.48671875 0.3715277777777778 0.0125 0.029166666666666667
