0 0.208203125 0.41388888888888886 0.03046875 0.05
0 0.62578125 0.30486111111111114 0.0140625 0.0375
0 0.30078125 0.3645833333333333 0.0203125 0.018055555555555554
0 0.19765625 0.33541666666666664 0.0109375 0.0125
0 0.234375 0.3680555555555556 0.0171875 0.019444444444444445
0 0.2390625 0.38125 0.021875 0.020833333333333332
0 0.269921875 0.3715277777777778 0.04453125 0.034722222222222224
0 0.196875 0.3923611111111111 0.0109375 0.015277777777777777
0 0.57734375 0.31319444444444444 0.0234375 0.034722222222222224
0 0.577734375 0.34930555555555554 0.00859375 0.02361111111111111
0 0.58671875 0.3402777777777778 0.015625 0.03888888888888889
