0 0.709375 0.3625 0.0234375 0.027777777777777776
0 0.1171875 0.4527777777777778 0.0171875 0.03611111111111111
0 0.474609375 0.36875 0.01640625 0.018055555555555554
0 0.92421875 0.3861111111111111 0.015625 0.03611111111111111
0 0.165234375 0.4652777777777778 0.03671875 0.027777777777777776
0 0.54296875 0.4125 0.0140625 0.03888888888888889
0 0.184765625 0.43680555555555556 0.02578125 0.02638888888888889
0 0.534375 0.3638888888888889 0.01875 0.019444444444444445
0 0.456640625 0.5277777777777778 0.03359375 0.09722222222222222
0 0.3859375 0.3909722222222222 0.01875 0.0125
0 0.1265625 0.5152777777777777 0.0234375 0.027777777777777776
