0 0.621484375 0.3701388888888889 0.03203125 0.034722222222222224
0 0.330078125 0.40208333333333335 0.01953125 0.02361111111111111
0 0.806640625 0.3541666666666667 0.02578125 0.030555555555555555
0 0.2484375 0.43680555555555556 0.0328125 0.0375
0 0.678125 0.5395833333333333 0.0546875 0.10416666666666667
0 0.4296875 0.38333333333333336 0.025 0.027777777777777776
0 0.33125 0.48541666666666666 0.0265625 0.04027777777777778
0 0.399609375 0.38680555555555557 0.01640625 0.015277777777777777
0 0.723046875 0.4965277777777778 0.03515625 0.04027777777777778
0 0.55703125 0.3729166666666667 0.0234375 0.018055555555555554
0 0.4609375 0.3972222222222222 0.0171875 0.03611111111111111
0 0.246875 0.58125 0.0390625 0.059722222222222225
