0 0.565625 0.3284722222222222 0.03125 0.034722222222222224
0 0.567578125 0.2965277777777778 0.02734375 0.02638888888888889
0 0.63984375 0.5347222222222222 0.04375 0.10277777777777777
0 0.941796875 0.49027777777777776 0.03828125 0.08611111111111111
0 0.782421875 0.4152777777777778 0.03203125 0.058333333333333334
0 0.45546875 0.3034722222222222 0.0109375 0.02361111111111111
0 0.416796875 0.2965277777777778 0.02265625 0.02361111111111111
0 0.958984375 0.35833333333333334 0.03359375 0.03333333333333333
0 0.896875 0.3173611111111111 0.0390625 0.02638888888888889
0 0.32421875 0.3645833333333333 0.021875 0.02361111111111111
0 0.515234375 0.3229166666666667 0.02578125 0.02361111111111111
0 0.42265625 0.31319444444444444 0.00625 0.006944444444444444
