0 0.585546875 0.56875 0.09765625 0.09305555555555556
0 0.851171875 0.41458333333333336 0.04609375 0.04583333333333333
0 0.547265625 0.46875 0.02734375 0.06805555555555555
0 0.806640625 0.4409722222222222 0.02421875 0.03194444444444444
0 0.85078125 0.3548611111111111 0.015625 0.029166666666666667
0 0.716015625 0.6118055555555556 0.05546875 0.05694444444444444
0 0.676171875 0.5944444444444444 0.01953125 0.05555555555555555
0 0.15390625 0.43194444444444446 0.015625 0.011111111111111112
0 0.13984375 0.43472222222222223 0.009375 0.011111111111111112
0 0.55546875 0.50625 0.0375 0.03194444444444444
