0 0.648828125 0.3798611111111111 0.01796875 0.018055555555555554
0 0.680859375 0.44305555555555554 0.03046875 0.03611111111111111
0 0.7734375 0.4 0.028125 0.030555555555555555
0 0.60234375 0.38333333333333336 0.0203125 0.019444444444444445
0 0.449609375 0.4263888888888889 0.02109375 0.025
0 0.299609375 0.6319444444444444 0.01796875 0.06111111111111111
0 0.348828125 0.4305555555555556 0.00859375 0.016666666666666666
0 0.67109375 0.375 0.009375 0.011111111111111112
0 0.6765625 0.38958333333333334 0.0234375 0.034722222222222224
0 0.77265625 0.37222222222222223 0.0109375 0.022222222222222223
