0 0.56328125 0.3958333333333333 0.0203125 0.022222222222222223
0 0.753125 0.35833333333333334 0.0328125 0.030555555555555555
0 0.615234375 0.36875 0.02421875 0.029166666666666667
0 0.20546875 0.4354166666666667 0.021875 0.029166666666666667
0 0.2765625 0.41597222222222224 0.0234375 0.02361111111111111
0 0.2359375 0.6166666666666667 0.0328125 0.03611111111111111
0 0.2125 0.5930555555555556 0.015625 0.03333333333333333
0 0.54453125 0.40208333333333335 0.0140625 0.0125
0 0.509375 0.3576388888888889 0.0109375 0.009722222222222222
0 0.476171875 0.43819444444444444 0.02734375 0.059722222222222225
0 0.456640625 0.4465277777777778 0.01953125 0.0375
