0 0.346875 0.4909722222222222 0.06875 0.07916666666666666
0 0.419921875 0.46041666666666664 0.04453125 0.043055555555555555
0 0.735546875 0.26319444444444445 0.02421875 0.02638888888888889
0 0.505078125 0.32569444444444445 0.02109375 0.018055555555555554
0 0.582421875 0.29791666666666666 0.01640625 0.020833333333333332
0 0.135546875 0.5 0.02109375 0.025
0 0.09921875 0.5270833333333333 0.0265625 0.029166666666666667
0 0.778515625 0.2701388888888889 0.01796875 0.02361111111111111
0 0.2265625 0.43819444444444444 0.01875 0.034722222222222224
0 0.375 0.3576388888888889 0.015625 0.04027777777777778
0 0.40078125 0.34930555555555554 0.015625 0.020833333333333332
0 0.315234375 0.38472222222222224 0.01171875 0.019444444444444445
0 0.340625 0.3784722222222222 0.00625 0.015277777777777777
