0 0.551953125 0.3888888888888889 0.03671875 0.05
0 0.198828125 0.7076388888888889 0.14765625 0.1625
0 0.58046875 0.31527777777777777 0.0328125 0.03888888888888889
0 0.872265625 0.4888888888888889 0.04140625 0.05555555555555555
0 0.75078125 0.5916666666666667 0.053125 0.17222222222222222
0 0.8296875 0.6513888888888889 0.0515625 0.08333333333333333
0 0.83359375 0.3506944444444444 0.028125 0.04027777777777778
0 0.512890625 0.3125 0.01640625 0.030555555555555555
0 0.720703125 0.30416666666666664 0.01328125 0.025
0 0.3875 0.33055555555555555 0.028125 0.030555555555555555
0 0.9359375 0.6930555555555555 0.0375 0.125
0 0.9546875 0.35138888888888886 0.0421875 0.05277777777777778
0 0.95625 0.39861111111111114 0.028125 0.041666666666666664
0 0.08671875 0.3854166666666667 0.0125 0.02638888888888889
