0 0.823046875 0.41388888888888886 0.06484375 0.06111111111111111
0 0.282421875 0.41597222222222224 0.02734375 0.02638888888888889
0 0.779296875 0.35555555555555557 0.01953125 0.027777777777777776
0 0.626171875 0.48819444444444443 0.05078125 0.04583333333333333
0 0.35234375 0.4041666666666667 0.021875 0.025
0 0.3609375 0.39375 0.0203125 0.020833333333333332
0 0.4046875 0.38263888888888886 0.0171875 0.015277777777777777
0 0.4390625 0.37430555555555556 0.0109375 0.0125
0 0.464453125 0.37777777777777777 0.02578125 0.025
0 0.55390625 0.36180555555555555 0.0140625 0.0125
