0 0.694921875 0.48680555555555555 0.07265625 0.08194444444444444
0 0.64140625 0.30972222222222223 0.0171875 0.022222222222222223
0 0.87421875 0.49375 0.0625 0.07916666666666666
0 0.78203125 0.31180555555555556 0.0390625 0.02638888888888889
0 0.46875 0.3034722222222222 0.01875 0.02638888888888889
0 0.839453125 0.41597222222222224 0.03359375 0.05138888888888889
0 0.958984375 0.3923611111111111 0.01953125 0.04861111111111111
0 0.875 0.30486111111111114 0.0109375 0.018055555555555554
0 0.857421875 0.8 0.13828125 0.175
0 0.537890625 0.3215277777777778 0.01171875 0.015277777777777777
0 0.375 0.29791666666666666 0.0078125 0.006944444444444444
0 0.695703125 0.5145833333333333 0.02578125 0.029166666666666667
