0 0.745703125 0.43333333333333335 0.06328125 0.05277777777777778
0 0.513671875 0.30833333333333335 0.02734375 0.025
0 0.91484375 0.49930555555555556 0.078125 0.09027777777777778
0 0.853125 0.3326388888888889 0.0359375 0.02638888888888889
0 0.784765625 0.6888888888888889 0.11015625 0.1527777777777778
0 0.5828125 0.3104166666666667 0.015625 0.03194444444444444
0 0.955078125 0.32916666666666666 0.03828125 0.03333333333333333
0 0.475 0.4236111111111111 0.0171875 0.027777777777777776
0 0.558984375 0.3284722222222222 0.01796875 0.015277777777777777
0 0.54609375 0.33194444444444443 0.0125 0.016666666666666666
0 0.803125 0.8833333333333333 0.146875 0.16111111111111112
0 0.9609375 0.36944444444444446 0.01875 0.022222222222222223
0 0.95625 0.38333333333333336 0.021875 0.025
0 0.953125 0.4 0.021875 0.03333333333333333
0 0.87890625 0.31527777777777777 0.0078125 0.016666666666666666
