0 0.1953125 0.4076388888888889 0.034375 0.04027777777777778
0 0.60859375 0.29930555555555555 0.025 0.02361111111111111
0 0.475390625 0.30069444444444443 0.02578125 0.029166666666666667
0 0.564453125 0.29097222222222224 0.02421875 0.02361111111111111
0 0.883984375 0.44722222222222224 0.05859375 0.058333333333333334
0 0.931640625 0.5083333333333333 0.06328125 0.08333333333333333
0 0.4421875 0.33819444444444446 0.021875 0.034722222222222224
0 0.658203125 0.29791666666666666 0.01015625 0.015277777777777777
0 0.96015625 0.35694444444444445 0.034375 0.03888888888888889
0 0.54453125 0.30277777777777776 0.028125 0.016666666666666666
0 0.611328125 0.3298611111111111 0.02890625 0.020833333333333332
0 0.623828125 0.29791666666666666 0.01171875 0.0125
0 0.773828125 0.35694444444444445 0.02421875 0.025
0 0.789453125 0.35347222222222224 0.02421875 0.02361111111111111
0 0.958203125 0.3993055555555556 0.01953125 0.043055555555555555
