0 0.730078125 0.48541666666666666 0.08359375 0.06805555555555555
0 0.9109375 0.3645833333333333 0.0578125 0.034722222222222224
0 0.677734375 0.32430555555555557 0.04140625 0.029166666666666667
0 0.674609375 0.4326388888888889 0.05390625 0.05694444444444444
0 0.939453125 0.4548611111111111 0.03671875 0.07361111111111111
0 0.309765625 0.4534722222222222 0.02734375 0.08194444444444444
0 0.57265625 0.29305555555555557 0.0265625 0.025
0 0.550390625 0.3 0.01484375 0.019444444444444445
0 0.559765625 0.3284722222222222 0.02578125 0.015277777777777777
0 0.3828125 0.30416666666666664 0.0125 0.016666666666666666
0 0.51796875 0.32222222222222224 0.0234375 0.025
0 0.328125 0.36527777777777776 0.0171875 0.027777777777777776
0 0.944921875 0.41388888888888886 0.04140625 0.03888888888888889
0 0.4296875 0.3145833333333333 0.0125 0.0125
