0 0.165234375 0.4888888888888889 0.02578125 0.05555555555555555
0 0.426171875 0.3902777777777778 0.02578125 0.027777777777777776
0 0.83359375 0.4 0.0484375 0.041666666666666664
0 0.668359375 0.3923611111111111 0.04140625 0.05694444444444444
0 0.741796875 0.36875 0.03359375 0.03194444444444444
0 0.5 0.3951388888888889 0.0171875 0.03194444444444444
0 0.4640625 0.4326388888888889 0.0203125 0.02361111111111111
0 0.5109375 0.3611111111111111 0.0125 0.013888888888888888
0 0.672265625 0.5944444444444444 0.02578125 0.030555555555555555
0 0.639453125 0.5895833333333333 0.03203125 0.02638888888888889
0 0.67578125 0.51875 0.05 0.14305555555555555
