0 0.704296875 0.2798611111111111 0.03984375 0.05694444444444444
0 0.563671875 0.32013888888888886 0.02578125 0.02638888888888889
0 0.991015625 0.2652777777777778 0.01640625 0.06666666666666667
0 0.387890625 0.3958333333333333 0.05390625 0.05
0 0.341796875 0.42777777777777776 0.02265625 0.044444444444444446
0 0.486328125 0.5638888888888889 0.08203125 0.08611111111111111
0 0.73828125 0.6125 0.115625 0.1
0 0.969921875 0.1951388888888889 0.02109375 0.020833333333333332
0 0.888671875 0.20625 0.01171875 0.020833333333333332
0 0.580078125 0.40208333333333335 0.02421875 0.029166666666666667
0 0.74765625 0.2375 0.028125 0.019444444444444445
0 0.6015625 0.3680555555555556 0.03125 0.030555555555555555
0 0.622265625 0.3701388888888889 0.03046875 0.034722222222222224
0 0.92109375 0.4638888888888889 0.0546875 0.125
0 0.92890625 0.49583333333333335 0.0453125 0.10555555555555556
