0 0.68671875 0.30069444444444443 0.0359375 0.0375
0 0.501171875 0.3625 0.02421875 0.044444444444444446
0 0.369921875 0.5118055555555555 0.08515625 0.0875
0 0.238671875 0.5131944444444444 0.06015625 0.07361111111111111
0 0.873828125 0.23819444444444443 0.02890625 0.020833333333333332
0 0.866796875 0.33402777777777776 0.08359375 0.08472222222222223
0 0.799609375 0.30069444444444443 0.06171875 0.059722222222222225
0 0.86015625 0.2701388888888889 0.034375 0.02361111111111111
0 0.303515625 0.45069444444444445 0.02265625 0.03194444444444444
0 0.3203125 0.3958333333333333 0.01875 0.03611111111111111
0 0.82578125 0.2638888888888889 0.028125 0.027777777777777776
