0 0.355078125 0.4027777777777778 0.03203125 0.03611111111111111
0 0.820703125 0.40902777777777777 0.05390625 0.05694444444444444
0 0.484765625 0.3875 0.02734375 0.03333333333333333
0 0.448046875 0.38055555555555554 0.02265625 0.025
0 0.5671875 0.40625 0.0453125 0.04583333333333333
0 0.7796875 0.3659722222222222 0.040625 0.043055555555555555
0 0.64921875 0.41597222222222224 0.034375 0.029166666666666667
0 0.4796875 0.36527777777777776 0.0125 0.013888888888888888
0 0.58515625 0.3541666666666667 0.0203125 0.013888888888888888
0 0.62734375 0.3597222222222222 0.028125 0.027777777777777776
0 0.79140625 0.3888888888888889 0.034375 0.058333333333333334
