0 0.30625 0.44027777777777777 0.0484375 0.044444444444444446
0 0.32421875 0.3263888888888889 0.0265625 0.019444444444444445
0 0.20859375 0.3548611111111111 0.028125 0.029166666666666667
0 0.226953125 0.3902777777777778 0.02109375 0.030555555555555555
0 0.388671875 0.3145833333333333 0.02578125 0.020833333333333332
0 0.07890625 0.39652777777777776 0.0109375 0.02361111111111111
0 0.119921875 0.3861111111111111 0.01640625 0.019444444444444445
0 0.1296875 0.4027777777777778 0.0203125 0.041666666666666664
0 0.276953125 0.41875 0.01796875 0.029166666666666667
0 0.4328125 0.3104166666666667 0.0140625 0.0125
0 0.417578125 0.3458333333333333 0.02890625 0.027777777777777776
0 0.476171875 0.3090277777777778 0.02421875 0.02638888888888889
0 0.48515625 0.28958333333333336 0.0234375 0.0125
0 0.521484375 0.2951388888888889 0.00703125 0.015277777777777777
0 0.532421875 0.29583333333333334 0.01640625 0.025
0 0.564453125 0.30625 0.01796875 0.020833333333333332
0 0.567578125 0.2965277777777778 0.02421875 0.02361111111111111
0 0.48828125 0.33055555555555555 0.0296875 0.03333333333333333
