0 0.47109375 0.36736111111111114 0.0453125 0.04027777777777778
0 0.6015625 0.3659722222222222 0.034375 0.04861111111111111
0 0.625390625 0.2826388888888889 0.02265625 0.029166666666666667
0 0.2109375 0.4534722222222222 0.01875 0.0375
0 0.534765625 0.32222222222222224 0.01171875 0.013888888888888888
0 0.6 0.3284722222222222 0.0390625 0.0375
0 0.6015625 0.3034722222222222 0.0328125 0.029166666666666667
0 0.474609375 0.3145833333333333 0.02109375 0.02638888888888889
0 0.74140625 0.26319444444444445 0.0140625 0.02638888888888889
0 0.4171875 0.3402777777777778 0.0125 0.016666666666666666
