0 0.590234375 0.4152777777777778 0.05234375 0.05
0 0.887890625 0.5777777777777777 0.07421875 0.15
0 0.4765625 0.29305555555555557 0.015625 0.025
0 0.503515625 0.29930555555555555 0.01640625 0.018055555555555554
0 0.7171875 0.30833333333333335 0.0140625 0.027777777777777776
0 0.6921875 0.32013888888888886 0.015625 0.015277777777777777
0 0.4296875 0.3013888888888889 0.009375 0.022222222222222223
0 0.81796875 0.37569444444444444 0.01875 0.020833333333333332
0 0.526953125 0.29375 0.01015625 0.018055555555555554
0 0.539453125 0.3034722222222222 0.00859375 0.0125
0 0.09375 0.45694444444444443 0.0109375 0.019444444444444445
0 0.47578125 0.28055555555555556 0.015625 0.013888888888888888
0 0.519921875 0.32222222222222224 0.00859375 0.013888888888888888
