0 0.906640625 0.5034722222222222 0.08359375 0.11805555555555555
0 0.61015625 0.32708333333333334 0.0390625 0.029166666666666667
0 0.46875 0.38263888888888886 0.053125 0.04027777777777778
0 0.705859375 0.325 0.01484375 0.025
0 0.7953125 0.6923611111111111 0.1296875 0.13194444444444445
0 0.5515625 0.3284722222222222 0.0234375 0.018055555555555554
0 0.9453125 0.38819444444444445 0.04375 0.04583333333333333
0 0.959765625 0.3680555555555556 0.02578125 0.022222222222222223
0 0.88359375 0.31805555555555554 0.0140625 0.016666666666666666
0 0.501953125 0.31805555555555554 0.01953125 0.03333333333333333
0 0.501171875 0.30069444444444443 0.02734375 0.02361111111111111
0 0.476171875 0.4263888888888889 0.01484375 0.03611111111111111
