0 0.459375 0.39861111111111114 0.0265625 0.03333333333333333
0 0.3171875 0.43194444444444446 0.01875 0.04722222222222222
0 0.127734375 0.44722222222222224 0.03203125 0.027777777777777776
0 0.49921875 0.4618055555555556 0.025 0.02361111111111111
0 0.59140625 0.36944444444444446 0.0359375 0.027777777777777776
0 0.48359375 0.3701388888888889 0.0109375 0.020833333333333332
0 0.200390625 0.4465277777777778 0.02421875 0.02361111111111111
0 0.536328125 0.3729166666666667 0.01328125 0.015277777777777777
0 0.55703125 0.37222222222222223 0.0171875 0.016666666666666666
0 0.80625 0.3541666666666667 0.0171875 0.027777777777777776
