0 0.801953125 0.45416666666666666 0.05234375 0.05
0 0.45625 0.45902777777777776 0.059375 0.0625
0 0.710546875 0.36666666666666664 0.02109375 0.058333333333333334
0 0.4078125 0.4027777777777778 0.053125 0.03888888888888889
0 0.58828125 0.34791666666666665 0.0109375 0.018055555555555554
0 0.5796875 0.2951388888888889 0.015625 0.015277777777777777
0 0.6234375 0.5520833333333334 0.05 0.0875
0 0.7796875 0.3215277777777778 0.0234375 0.020833333333333332
0 0.91171875 0.5875 0.0359375 0.05277777777777778
0 0.928515625 0.4375 0.03046875 0.030555555555555555
0 0.492578125 0.41875 0.01640625 0.03194444444444444
0 0.3640625 0.3326388888888889 0.03125 0.03194444444444444
0 0.346484375 0.33402777777777776 0.01484375 0.015277777777777777
0 0.403515625 0.33958333333333335 0.01796875 0.02638888888888889
0 0.424609375 0.30416666666666664 0.01796875 0.013888888888888888
0 0.484375 0.3215277777777778 0.0171875 0.015277777777777777
0 0.490234375 0.3333333333333333 0.03515625 0.025
0 0.7015625 0.33055555555555555 0.021875 0.019444444444444445
0 0.7359375 0.3451388888888889 0.0125 0.020833333333333332
0 0.797265625 0.34097222222222223 0.02109375 0.018055555555555554
0 0.809765625 0.3506944444444444 0.03359375 0.03194444444444444
0 0.95 0.33402777777777776 0.0359375 0.020833333333333332
0 0.903515625 0.6513888888888889 0.04609375 0.06388888888888888
0 0.898828125 0.7381944444444445 0.05078125 0.13194444444444445
