0 0.527734375 0.3645833333333333 0.02578125 0.04861111111111111
0 0.885546875 0.24513888888888888 0.03046875 0.029166666666666667
0 0.644140625 0.29375 0.03515625 0.04027777777777778
0 0.369921875 0.36736111111111114 0.01171875 0.015277777777777777
0 0.28203125 0.44375 0.0171875 0.034722222222222224
0 0.296875 0.4326388888888889 0.0140625 0.02638888888888889
0 0.422265625 0.3770833333333333 0.02578125 0.02361111111111111
0 0.4546875 0.3277777777777778 0.0171875 0.016666666666666666
0 0.452734375 0.3416666666666667 0.01484375 0.016666666666666666
0 0.469140625 0.3333333333333333 0.02421875 0.027777777777777776
0 0.49921875 0.31805555555555554 0.015625 0.025
0 0.55859375 0.30694444444444446 0.03125 0.030555555555555555
0 0.58203125 0.30486111111111114 0.0140625 0.03194444444444444
0 0.6625 0.2763888888888889 0.0140625 0.025
