0 0.547265625 0.38680555555555557 0.02109375 0.0375
0 0.93125 0.40347222222222223 0.059375 0.0625
0 0.70078125 0.38680555555555557 0.0390625 0.04583333333333333
0 0.865625 0.4701388888888889 0.0515625 0.04583333333333333
0 0.278515625 0.41041666666666665 0.01796875 0.015277777777777777
0 0.436328125 0.40694444444444444 0.02265625 0.03333333333333333
0 0.418359375 0.3861111111111111 0.02109375 0.027777777777777776
0 0.4921875 0.4673611111111111 0.028125 0.020833333333333332
0 0.40703125 0.3958333333333333 0.009375 0.013888888888888888
0 0.47421875 0.45416666666666666 0.0171875 0.019444444444444445
0 0.724609375 0.3958333333333333 0.01796875 0.022222222222222223
