0 0.545703125 0.5020833333333333 0.06953125 0.0625
0 0.42890625 0.50625 0.0375 0.07361111111111111
0 0.851953125 0.40625 0.05546875 0.04583333333333333
0 0.636328125 0.45 0.03671875 0.03888888888888889
0 0.913671875 0.5034722222222222 0.06328125 0.0763888888888889
0 0.73046875 0.3013888888888889 0.025 0.022222222222222223
0 0.3203125 0.70625 0.0546875 0.12638888888888888
0 0.88359375 0.6256944444444444 0.109375 0.12083333333333333
0 0.65859375 0.30069444444444443 0.0140625 0.018055555555555554
0 0.551171875 0.2951388888888889 0.01796875 0.015277777777777777
0 0.437109375 0.31875 0.01015625 0.0125
0 0.3875 0.31180555555555556 0.01875 0.015277777777777777
0 0.662109375 0.37569444444444444 0.02109375 0.03194444444444444
0 0.49765625 0.2861111111111111 0.0078125 0.008333333333333333
0 0.50234375 0.29791666666666666 0.0046875 0.0125
0 0.496875 0.2951388888888889 0.0078125 0.0125
0 0.440234375 0.31180555555555556 0.00703125 0.009722222222222222
