0 0.9328125 0.46944444444444444 0.078125 0.09722222222222222
0 0.562109375 0.3298611111111111 0.03515625 0.0375
0 0.708203125 0.2847222222222222 0.01796875 0.016666666666666666
0 0.66328125 0.2833333333333333 0.0203125 0.019444444444444445
0 0.7421875 0.37916666666666665 0.021875 0.03888888888888889
0 0.89296875 0.6520833333333333 0.0625 0.12361111111111112
0 0.931640625 0.3993055555555556 0.06015625 0.034722222222222224
0 0.8953125 0.36180555555555555 0.0203125 0.029166666666666667
0 0.403125 0.3034722222222222 0.015625 0.015277777777777777
0 0.779296875 0.2986111111111111 0.03359375 0.016666666666666666
0 0.8078125 0.3402777777777778 0.0171875 0.016666666666666666
0 0.68046875 0.2861111111111111 0.0140625 0.013888888888888888
0 0.08984375 0.3576388888888889 0.0046875 0.009722222222222222
0 0.08125 0.3576388888888889 0.0046875 0.009722222222222222
0 0.0859375 0.36041666666666666 0.0078125 0.015277777777777777
0 0.356640625 0.3763888888888889 0.02578125 0.030555555555555555
0 0.426171875 0.29375 0.01796875 0.015277777777777777
0 0.4390625 0.3020833333333333 0.00625 0.009722222222222222
0 0.45234375 0.29583333333333334 0.021875 0.019444444444444445
0 0.47421875 0.3034722222222222 0.0078125 0.009722222222222222
0 0.46015625 0.32222222222222224 0.0203125 0.03333333333333333
0 0.469140625 0.3458333333333333 0.01796875 0.016666666666666666
