0 0.6109375 0.59 0.025 0.037142857142857144
0 0.6703125 0.49785714285714283 0.0109375 0.015714285714285715
0 0.534375 0.49642857142857144 0.009375 0.015714285714285715
0 0.073046875 0.6128571428571429 0.02109375 0.02
0 0.5046875 0.545 0.021875 0.02142857142857143
0 0.489453125 0.5564285714285714 0.01328125 0.01
0 0.573828125 0.4828571428571429 0.00859375 0.011428571428571429
0 0.605859375 0.47785714285714287 0.00546875 0.01
0 0.602734375 0.47214285714285714 0.00859375 0.007142857142857143
0 0.9515625 0.47928571428571426 0.0046875 0.01
