0 0.4765625 0.36319444444444443 0.03125 0.0375
0 0.64609375 0.3506944444444444 0.0671875 0.0625
0 0.81015625 0.27152777777777776 0.034375 0.034722222222222224
0 0.4375 0.3576388888888889 0.0375 0.034722222222222224
0 0.37578125 0.38958333333333334 0.0234375 0.0375
0 0.394921875 0.36180555555555555 0.02421875 0.029166666666666667
0 0.60234375 0.2847222222222222 0.021875 0.022222222222222223
0 0.43203125 0.48819444444444443 0.0359375 0.0375
0 0.303515625 0.4166666666666667 0.01171875 0.025
0 0.35546875 0.38333333333333336 0.0109375 0.016666666666666666
0 0.35 0.40347222222222223 0.0203125 0.020833333333333332
0 0.323828125 0.39166666666666666 0.01171875 0.013888888888888888
0 0.26796875 0.42777777777777776 0.009375 0.016666666666666666
0 0.280859375 0.4409722222222222 0.02578125 0.029166666666666667
