0 0.208203125 0.5805555555555556 0.04296875 0.075
0 0.24765625 0.6027777777777777 0.040625 0.07222222222222222
0 0.399609375 0.40347222222222223 0.03984375 0.03194444444444444
0 0.183203125 0.45555555555555555 0.03828125 0.041666666666666664
0 0.77734375 0.5013888888888889 0.0796875 0.06666666666666667
0 0.566015625 0.40069444444444446 0.02421875 0.034722222222222224
0 0.48359375 0.42916666666666664 0.0296875 0.041666666666666664
0 0.107421875 0.4625 0.02421875 0.03611111111111111
0 0.840625 0.3680555555555556 0.01875 0.03611111111111111
0 0.884765625 0.38055555555555554 0.02421875 0.03611111111111111
0 0.301171875 0.5868055555555556 0.06484375 0.05694444444444444
0 0.395703125 0.6298611111111111 0.03359375 0.07083333333333333
0 0.86484375 0.3784722222222222 0.0234375 0.015277777777777777
0 0.125 0.4638888888888889 0.0140625 0.016666666666666666
0 0.3125 0.6263888888888889 0.0484375 0.10833333333333334
0 0.35078125 0.6256944444444444 0.0375 0.04027777777777778
0 0.398828125 0.5756944444444444 0.03046875 0.09027777777777778
0 0.49296875 0.44305555555555554 0.0171875 0.030555555555555555
