0 0.165234375 0.5319444444444444 0.08359375 0.07222222222222222
0 0.390625 0.5319444444444444 0.0796875 0.1
0 0.539453125 0.3993055555555556 0.01640625 0.015277777777777777
0 0.14375 0.45069444444444445 0.0203125 0.0375
0 0.30703125 0.4013888888888889 0.0125 0.016666666666666666
0 0.328515625 0.43194444444444446 0.04140625 0.03888888888888889
0 0.31640625 0.4951388888888889 0.0125 0.018055555555555554
0 0.325390625 0.5152777777777777 0.03359375 0.04722222222222222
0 0.50546875 0.4375 0.0234375 0.05
0 0.488671875 0.36527777777777776 0.02265625 0.019444444444444445
0 0.40703125 0.3840277777777778 0.015625 0.02361111111111111
0 0.833984375 0.3597222222222222 0.01953125 0.022222222222222223
0 0.8171875 0.3527777777777778 0.0203125 0.03333333333333333
