0 0.540234375 0.3236111111111111 0.03359375 0.027777777777777776
0 0.898828125 0.44513888888888886 0.07109375 0.05694444444444444
0 0.9375 0.3527777777777778 0.0484375 0.03333333333333333
0 0.736328125 0.4576388888888889 0.07734375 0.0625
0 0.504296875 0.29791666666666666 0.01640625 0.018055555555555554
0 0.526953125 0.29444444444444445 0.01015625 0.016666666666666666
0 0.094921875 0.4618055555555556 0.01171875 0.029166666666666667
0 0.521484375 0.31875 0.00859375 0.018055555555555554
0 0.539453125 0.3055555555555556 0.00703125 0.011111111111111112
0 0.941015625 0.37569444444444444 0.01015625 0.018055555555555554
0 0.966796875 0.37430555555555556 0.00859375 0.015277777777777777
