0 0.316015625 0.4625 0.02265625 0.030555555555555555
0 0.115234375 0.45 0.02421875 0.03333333333333333
0 0.554296875 0.3597222222222222 0.01796875 0.022222222222222223
0 0.8828125 0.4409722222222222 0.0484375 0.0625
0 0.58125 0.35625 0.009375 0.018055555555555554
0 0.167578125 0.43333333333333335 0.01015625 0.013888888888888888
0 0.1953125 0.4263888888888889 0.0140625 0.013888888888888888
0 0.3515625 0.40694444444444444 0.009375 0.013888888888888888
0 0.36796875 0.40694444444444444 0.0140625 0.011111111111111112
0 0.383203125 0.38819444444444445 0.01640625 0.02361111111111111
