0 0.771875 0.39791666666666664 0.05 0.04027777777777778
0 0.492578125 0.4027777777777778 0.03203125 0.025
0 0.696484375 0.4152777777777778 0.05390625 0.05277777777777778
0 0.620703125 0.3611111111111111 0.01484375 0.022222222222222223
0 0.341015625 0.5840277777777778 0.07890625 0.10416666666666667
0 0.17265625 0.4284722222222222 0.0234375 0.0125
0 0.165625 0.46805555555555556 0.0390625 0.030555555555555555
0 0.3890625 0.3902777777777778 0.021875 0.016666666666666666
0 0.4625 0.4340277777777778 0.01875 0.02361111111111111
0 0.208203125 0.5777777777777777 0.02421875 0.07777777777777778
