0 0.934765625 0.27569444444444446 0.04296875 0.05138888888888889
0 0.782421875 0.26944444444444443 0.03359375 0.03333333333333333
0 0.959765625 0.35347222222222224 0.06640625 0.08194444444444444
0 0.908203125 0.24305555555555555 0.03515625 0.03611111111111111
0 0.64375 0.2763888888888889 0.01875 0.019444444444444445
0 0.89296875 0.3423611111111111 0.0453125 0.05138888888888889
0 0.591015625 0.3416666666666667 0.02265625 0.019444444444444445
0 0.764453125 0.3375 0.01484375 0.025
0 0.7515625 0.25555555555555554 0.0125 0.019444444444444445
0 0.76484375 0.25277777777777777 0.009375 0.016666666666666666
