0 0.81796875 0.31666666666666665 0.06875 0.05555555555555555
0 0.928125 0.2659722222222222 0.03125 0.03194444444444444
0 0.959375 0.2520833333333333 0.05 0.05416666666666667
0 0.369921875 0.39861111111111114 0.04453125 0.044444444444444446
0 0.113671875 0.6375 0.11484375 0.1388888888888889
0 0.246484375 0.5145833333333333 0.08515625 0.07083333333333333
0 0.603515625 0.29375 0.01484375 0.015277777777777777
0 0.734375 0.26875 0.01875 0.015277777777777777
0 0.44765625 0.35347222222222224 0.03125 0.043055555555555555
0 0.43125 0.33402777777777776 0.0125 0.020833333333333332
0 0.5578125 0.30486111111111114 0.015625 0.018055555555555554
0 0.57109375 0.29097222222222224 0.0234375 0.02361111111111111
0 0.701953125 0.27569444444444446 0.00859375 0.018055555555555554
