0 0.296484375 0.40555555555555556 0.02265625 0.016666666666666666
0 0.89609375 0.3659722222222222 0.0328125 0.02638888888888889
0 0.37109375 0.40625 0.0296875 0.034722222222222224
0 0.426953125 0.3861111111111111 0.02265625 0.019444444444444445
0 0.743359375 0.4125 0.03984375 0.030555555555555555
0 0.1421875 0.4340277777777778 0.021875 0.020833333333333332
0 0.77421875 0.36944444444444446 0.034375 0.030555555555555555
0 0.344140625 0.4826388888888889 0.03984375 0.04583333333333333
0 0.159375 0.43819444444444444 0.0125 0.018055555555555554
0 0.299609375 0.43333333333333335 0.01640625 0.03611111111111111
0 0.312109375 0.4361111111111111 0.01328125 0.019444444444444445
0 0.20625 0.5708333333333333 0.0328125 0.06111111111111111
0 0.236328125 0.6 0.03203125 0.07777777777777778
0 0.25546875 0.5743055555555555 0.0390625 0.05138888888888889
0 0.28828125 0.6243055555555556 0.0625 0.04861111111111111
