0 0.265625 0.35694444444444445 0.015625 0.03333333333333333
0 0.79765625 0.33194444444444443 0.028125 0.027777777777777776
0 0.17890625 0.33958333333333335 0.015625 0.015277777777777777
0 0.54375 0.2986111111111111 0.0140625 0.025
0 0.470703125 0.3416666666666667 0.01640625 0.019444444444444445
0 0.564453125 0.41041666666666665 0.03671875 0.043055555555555555
0 0.373046875 0.3145833333333333 0.03046875 0.029166666666666667
0 0.359765625 0.37569444444444444 0.02265625 0.029166666666666667
0 0.888671875 0.3104166666666667 0.03046875 0.018055555555555554
0 0.5953125 0.33194444444444443 0.01875 0.025
0 0.426953125 0.29097222222222224 0.01796875 0.018055555555555554
0 0.276953125 0.4013888888888889 0.02421875 0.04722222222222222
0 0.385546875 0.3333333333333333 0.02578125 0.027777777777777776
0 0.40234375 0.35833333333333334 0.01875 0.016666666666666666
0 0.403515625 0.30486111111111114 0.01328125 0.015277777777777777
0 0.471484375 0.30277777777777776 0.00859375 0.013888888888888888
0 0.567578125 0.325 0.00859375 0.019444444444444445
0 0.561328125 0.3194444444444444 0.02890625 0.03333333333333333
0 0.832421875 0.38333333333333336 0.01171875 0.019444444444444445
0 0.89140625 0.39166666666666666 0.0078125 0.019444444444444445
0 0.962890625 0.32013888888888886 0.02265625 0.015277777777777777
