0 0.34609375 0.5535714285714286 0.0234375 0.02142857142857143
0 0.6046875 0.5657142857142857 0.0265625 0.025714285714285714
0 0.189453125 0.49357142857142855 0.01015625 0.01
0 0.22734375 0.49214285714285716 0.0140625 0.01
0 0.68203125 0.4807142857142857 0.0078125 0.012857142857142857
0 0.659375 0.4807142857142857 0.0078125 0.012857142857142857
0 0.584375 0.4807142857142857 0.0109375 0.01
0 0.4890625 0.55 0.0125 0.025714285714285714
0 0.2421875 0.495 0.009375 0.01
0 0.48203125 0.49142857142857144 0.0109375 0.014285714285714285
0 0.8875 0.4764285714285714 0.009375 0.012857142857142857
0 0.277734375 0.48928571428571427 0.01171875 0.012857142857142857
0 0.623828125 0.46785714285714286 0.00546875 0.01
0 0.6953125 0.46714285714285714 0.0046875 0.005714285714285714
