0 0.676171875 0.3729166666666667 0.03359375 0.0625
0 0.621875 0.43125 0.021875 0.0375
0 0.280078125 0.39652777777777776 0.03671875 0.043055555555555555
0 0.583984375 0.5513888888888889 0.09296875 0.11388888888888889
0 0.35234375 0.38055555555555554 0.040625 0.044444444444444446
0 0.4 0.8138888888888889 0.059375 0.19444444444444445
0 0.19921875 0.4618055555555556 0.0421875 0.05694444444444444
0 0.697265625 0.6708333333333333 0.05703125 0.08333333333333333
0 0.66875 0.5152777777777777 0.0640625 0.08055555555555556
0 0.23359375 0.3638888888888889 0.040625 0.044444444444444446
0 0.52421875 0.5798611111111112 0.046875 0.05416666666666667
0 0.53984375 0.37222222222222223 0.021875 0.022222222222222223
0 0.566015625 0.43472222222222223 0.02578125 0.03611111111111111
0 0.484375 0.43194444444444446 0.046875 0.030555555555555555
0 0.3140625 0.43125 0.0359375 0.034722222222222224
0 0.34140625 0.35694444444444445 0.0140625 0.025
0 0.354296875 0.3923611111111111 0.02109375 0.02638888888888889
0 0.46484375 0.37777777777777777 0.0296875 0.04722222222222222
0 0.4890625 0.35833333333333334 0.0296875 0.041666666666666664
0 0.48671875 0.34097222222222223 0.009375 0.018055555555555554
0 0.598828125 0.35694444444444445 0.01640625 0.022222222222222223
0 0.60546875 0.3527777777777778 0.0140625 0.013888888888888888
0 0.62734375 0.3506944444444444 0.0203125 0.04027777777777778
0 0.503515625 0.5951388888888889 0.02421875 0.06527777777777778
