0 0.778125 0.39444444444444443 0.04375 0.041666666666666664
0 0.85 0.3854166666666667 0.0375 0.04027777777777778
0 0.752734375 0.46875 0.05546875 0.0625
0 0.20703125 0.5638888888888889 0.0296875 0.08888888888888889
0 0.66875 0.5354166666666667 0.1015625 0.09583333333333334
0 0.688671875 0.4125 0.03671875 0.05
0 0.346875 0.5159722222222223 0.0703125 0.09027777777777778
0 0.187109375 0.42777777777777776 0.01640625 0.013888888888888888
0 0.44140625 0.6729166666666667 0.0359375 0.05138888888888889
0 0.10859375 0.45555555555555555 0.0140625 0.016666666666666666
0 0.148828125 0.4388888888888889 0.01015625 0.013888888888888888
0 0.518359375 0.3597222222222222 0.01484375 0.008333333333333333
0 0.447265625 0.3770833333333333 0.01015625 0.009722222222222222
0 0.75390625 0.41041666666666665 0.0140625 0.02361111111111111
