0 0.12421875 0.4756944444444444 0.03125 0.04861111111111111
0 0.610546875 0.36944444444444446 0.02890625 0.027777777777777776
0 0.58203125 0.3541666666666667 0.0140625 0.019444444444444445
0 0.212890625 0.4444444444444444 0.01796875 0.019444444444444445
0 0.223046875 0.5909722222222222 0.04921875 0.09305555555555556
0 0.250390625 0.5861111111111111 0.03359375 0.08055555555555556
0 0.701171875 0.6180555555555556 0.12109375 0.1111111111111111
0 0.495703125 0.40625 0.04609375 0.043055555555555555
0 0.497265625 0.3729166666666667 0.01484375 0.03194444444444444
0 0.666796875 0.35555555555555557 0.02734375 0.030555555555555555
