0 0.763671875 0.43125 0.04296875 0.04027777777777778
0 0.6765625 0.4326388888888889 0.05 0.04583333333333333
0 0.218359375 0.46597222222222223 0.02109375 0.0375
0 0.9625 0.38958333333333334 0.04375 0.0375
0 0.904296875 0.5291666666666667 0.04609375 0.06111111111111111
0 0.80078125 0.51875 0.04375 0.05694444444444444
0 0.859765625 0.6493055555555556 0.04453125 0.08194444444444444
0 0.803125 0.37083333333333335 0.0203125 0.019444444444444445
0 0.697265625 0.45 0.02734375 0.05277777777777778
0 0.74453125 0.3729166666666667 0.0171875 0.02638888888888889
0 0.77265625 0.37777777777777777 0.0171875 0.019444444444444445
0 0.82421875 0.38472222222222224 0.0375 0.030555555555555555
0 0.832421875 0.4083333333333333 0.01953125 0.027777777777777776
