0 0.478515625 0.37222222222222223 0.04453125 0.03888888888888889
0 0.771875 0.5104166666666666 0.0421875 0.09027777777777778
0 0.151171875 0.39652777777777776 0.03359375 0.034722222222222224
0 0.261328125 0.3402777777777778 0.01796875 0.019444444444444445
0 0.808203125 0.33055555555555555 0.03984375 0.03333333333333333
0 0.35625 0.33055555555555555 0.0171875 0.03333333333333333
0 0.526953125 0.5111111111111111 0.02890625 0.05277777777777778
0 0.233984375 0.3736111111111111 0.01640625 0.03888888888888889
0 0.42265625 0.30277777777777776 0.0125 0.016666666666666666
0 0.083203125 0.3840277777777778 0.01484375 0.0375
0 0.11640625 0.35208333333333336 0.0078125 0.009722222222222222
0 0.657421875 0.5736111111111111 0.03046875 0.06666666666666667
