0 0.856640625 0.28680555555555554 0.04296875 0.043055555555555555
0 0.73515625 0.27569444444444446 0.034375 0.0375
0 0.610546875 0.3611111111111111 0.03671875 0.05
0 0.658203125 0.42777777777777776 0.09140625 0.08888888888888889
0 0.496484375 0.36041666666666666 0.03984375 0.04027777777777778
0 0.577734375 0.31666666666666665 0.02421875 0.03611111111111111
0 0.31640625 0.4152777777777778 0.0203125 0.022222222222222223
0 0.6234375 0.28125 0.0203125 0.02361111111111111
0 0.355859375 0.40625 0.03203125 0.03194444444444444
0 0.111328125 0.7423611111111111 0.07578125 0.2513888888888889
