0 0.491796875 0.48680555555555555 0.06171875 0.059722222222222225
0 0.665625 0.35347222222222224 0.0265625 0.020833333333333332
0 0.586328125 0.43194444444444446 0.02890625 0.022222222222222223
0 0.923046875 0.3888888888888889 0.02890625 0.044444444444444446
0 0.43828125 0.45625 0.0359375 0.06527777777777778
0 0.75859375 0.43125 0.0640625 0.05416666666666667
0 0.60390625 0.36736111111111114 0.015625 0.02361111111111111
0 0.104296875 0.45625 0.01328125 0.0375
0 0.16484375 0.4652777777777778 0.03125 0.027777777777777776
0 0.19765625 0.42569444444444443 0.021875 0.015277777777777777
0 0.38828125 0.39375 0.01875 0.015277777777777777
0 0.783203125 0.4215277777777778 0.02734375 0.02638888888888889
