0 0.43203125 0.40069444444444446 0.0265625 0.04861111111111111
0 0.60234375 0.3111111111111111 0.0203125 0.027777777777777776
0 0.530859375 0.4083333333333333 0.03515625 0.03333333333333333
0 0.898046875 0.3590277777777778 0.03671875 0.034722222222222224
0 0.657421875 0.3055555555555556 0.01484375 0.03333333333333333
0 0.81015625 0.31319444444444444 0.0390625 0.029166666666666667
0 0.5 0.3375 0.0140625 0.019444444444444445
0 0.35390625 0.38819444444444445 0.021875 0.02361111111111111
0 0.328125 0.37430555555555556 0.0375 0.03194444444444444
0 0.325 0.4041666666666667 0.0421875 0.05
0 0.43671875 0.3416666666666667 0.0078125 0.025
0 0.4453125 0.3298611111111111 0.0171875 0.043055555555555555
0 0.4609375 0.32569444444444445 0.0171875 0.018055555555555554
0 0.48828125 0.30694444444444446 0.0265625 0.025
0 0.4765625 0.3111111111111111 0.021875 0.022222222222222223
0 0.537109375 0.3104166666666667 0.01953125 0.029166666666666667
0 0.558203125 0.29791666666666666 0.02890625 0.029166666666666667
0 0.783984375 0.46805555555555556 0.02734375 0.05
0 0.80703125 0.4527777777777778 0.028125 0.08055555555555556
0 0.84140625 0.49166666666666664 0.0390625 0.05555555555555555
