0 0.469921875 0.30625 0.01171875 0.02638888888888889
0 0.573046875 0.3013888888888889 0.01640625 0.013888888888888888
0 0.619140625 0.3 0.01484375 0.027777777777777776
0 0.351953125 0.35625 0.01640625 0.020833333333333332
0 0.449609375 0.28541666666666665 0.01640625 0.015277777777777777
0 0.626171875 0.35208333333333336 0.02265625 0.02638888888888889
0 0.673046875 0.34305555555555556 0.02265625 0.027777777777777776
0 0.724609375 0.34097222222222223 0.01796875 0.029166666666666667
0 0.812890625 0.33125 0.04453125 0.05138888888888889
0 0.85546875 0.35208333333333336 0.025 0.020833333333333332
