0 0.415234375 0.39861111111111114 0.03203125 0.030555555555555555
0 0.605859375 0.42083333333333334 0.05703125 0.04722222222222222
0 0.371875 0.3902777777777778 0.0203125 0.025
0 0.4875 0.37777777777777777 0.0296875 0.025
0 0.265234375 0.4166666666666667 0.01640625 0.027777777777777776
0 0.63671875 0.48541666666666666 0.0359375 0.04583333333333333
0 0.39609375 0.38125 0.0125 0.018055555555555554
0 0.55546875 0.3611111111111111 0.0140625 0.013888888888888888
0 0.441796875 0.37222222222222223 0.01171875 0.011111111111111112
0 0.800390625 0.35625 0.03359375 0.034722222222222224
