0 0.48984375 0.33541666666666664 0.0328125 0.034722222222222224
0 0.6453125 0.33125 0.0625 0.05138888888888889
0 0.298828125 0.43194444444444446 0.02109375 0.030555555555555555
0 0.36171875 0.44305555555555554 0.0625 0.05555555555555555
0 0.83203125 0.27708333333333335 0.021875 0.043055555555555555
0 0.1609375 0.7 0.1203125 0.125
0 0.398046875 0.41388888888888886 0.02890625 0.030555555555555555
0 0.6515625 0.2763888888888889 0.0296875 0.03333333333333333
0 0.43984375 0.36875 0.015625 0.03194444444444444
0 0.792578125 0.25763888888888886 0.02890625 0.0375
0 0.694140625 0.27291666666666664 0.03359375 0.04027777777777778
