0 0.172265625 0.8201388888888889 0.08515625 0.20416666666666666
0 0.18828125 0.6513888888888889 0.0703125 0.1111111111111111
0 0.468359375 0.61875 0.05703125 0.08472222222222223
0 0.408984375 0.8423611111111111 0.14609375 0.1763888888888889
0 0.699609375 0.6666666666666666 0.11015625 0.1
0 0.261328125 0.9180555555555555 0.10234375 0.10555555555555556
0 0.126953125 0.47291666666666665 0.02109375 0.0375
0 0.140625 0.5083333333333333 0.0515625 0.06666666666666667
0 0.4296875 0.675 0.103125 0.06666666666666667
0 0.176171875 0.5444444444444444 0.03671875 0.041666666666666664
0 0.16171875 0.6263888888888889 0.065625 0.08055555555555556
0 0.494140625 0.6604166666666667 0.04453125 0.07361111111111111
0 0.31875 0.4284722222222222 0.0515625 0.06527777777777778
0 0.332421875 0.43472222222222223 0.00859375 0.013888888888888888
