0 0.687109375 0.3548611111111111 0.02890625 0.02638888888888889
0 0.476171875 0.37569444444444444 0.01640625 0.02638888888888889
0 0.378125 0.38819444444444445 0.021875 0.020833333333333332
0 0.561328125 0.35625 0.02265625 0.02361111111111111
0 0.434375 0.37222222222222223 0.015625 0.013888888888888888
0 0.501953125 0.36041666666666666 0.01015625 0.018055555555555554
0 0.344140625 0.4048611111111111 0.01796875 0.029166666666666667
0 0.105859375 0.4652777777777778 0.02265625 0.025
0 0.201953125 0.5715277777777777 0.05859375 0.06805555555555555
0 0.392578125 0.40208333333333335 0.02109375 0.018055555555555554
