0 0.166796875 0.43472222222222223 0.02109375 0.019444444444444445
0 0.259765625 0.4388888888888889 0.04140625 0.03888888888888889
0 0.21328125 0.4576388888888889 0.0359375 0.04583333333333333
0 0.836328125 0.36180555555555555 0.03046875 0.034722222222222224
0 0.093359375 0.4548611111111111 0.02890625 0.034722222222222224
0 0.7875 0.3798611111111111 0.0140625 0.015277777777777777
0 0.123828125 0.49722222222222223 0.02734375 0.019444444444444445
0 0.11171875 0.4840277777777778 0.0140625 0.015277777777777777
0 0.100390625 0.48541666666666666 0.01328125 0.015277777777777777
0 0.4015625 0.3972222222222222 0.0078125 0.013888888888888888
0 0.413671875 0.38125 0.01953125 0.015277777777777777
