0 0.977734375 0.38055555555555554 0.03046875 0.027777777777777776
0 0.811328125 0.3736111111111111 0.02890625 0.022222222222222223
0 0.687109375 0.36875 0.01640625 0.015277777777777777
0 0.641015625 0.37222222222222223 0.01015625 0.013888888888888888
0 0.557421875 0.44722222222222224 0.02109375 0.019444444444444445
0 0.608203125 0.3729166666666667 0.01171875 0.0125
0 0.22265625 0.4513888888888889 0.0109375 0.011111111111111112
0 0.6171875 0.4951388888888889 0.0125 0.02361111111111111
0 0.6296875 0.4777777777777778 0.0515625 0.05
0 0.67109375 0.38333333333333336 0.0203125 0.019444444444444445
0 0.83828125 0.4527777777777778 0.0015625 0.002777777777777778
