0 0.5296875 0.3875 0.0265625 0.03333333333333333
0 0.817578125 0.45555555555555555 0.03515625 0.08055555555555556
0 0.172265625 0.4409722222222222 0.03359375 0.0375
0 0.55546875 0.43333333333333335 0.0234375 0.06388888888888888
0 0.876953125 0.36041666666666666 0.02890625 0.029166666666666667
0 0.3171875 0.43194444444444446 0.0125 0.025
0 0.828515625 0.5284722222222222 0.02578125 0.07083333333333333
0 0.48984375 0.3736111111111111 0.0171875 0.019444444444444445
0 0.35 0.42916666666666664 0.015625 0.03888888888888889
0 0.6078125 0.36666666666666664 0.0234375 0.019444444444444445
0 0.428125 0.3888888888888889 0.0265625 0.022222222222222223
0 0.80078125 0.4097222222222222 0.0140625 0.019444444444444445
