0 0.1390625 0.5770833333333333 0.0265625 0.059722222222222225
0 0.107421875 0.5298611111111111 0.02578125 0.08194444444444444
0 0.618359375 0.5284722222222222 0.01796875 0.05694444444444444
0 0.66953125 0.5298611111111111 0.0203125 0.03194444444444444
0 0.4125 0.8854166666666666 0.1 0.11527777777777778
0 0.703515625 0.6659722222222222 0.09140625 0.0763888888888889
0 0.355859375 0.38819444444444445 0.01640625 0.034722222222222224
0 0.41796875 0.4340277777777778 0.053125 0.05138888888888889
0 0.267578125 0.40347222222222223 0.01484375 0.02361111111111111
0 0.469140625 0.3736111111111111 0.03984375 0.041666666666666664
0 0.371875 0.3472222222222222 0.01875 0.041666666666666664
0 0.46015625 0.43125 0.03125 0.04027777777777778
0 0.444140625 0.5208333333333334 0.07890625 0.06388888888888888
0 0.4015625 0.5534722222222223 0.0375 0.034722222222222224
0 0.412109375 0.5423611111111111 0.03515625 0.04027777777777778
0 0.531640625 0.5777777777777777 0.04296875 0.04722222222222222
0 0.5234375 0.5958333333333333 0.0859375 0.058333333333333334
0 0.895703125 0.6222222222222222 0.09765625 0.13333333333333333
