0 0.773828125 0.34375 0.04296875 0.0375
0 0.5359375 0.3 0.0265625 0.025
0 0.581640625 0.32083333333333336 0.01328125 0.03611111111111111
0 0.8 0.4930555555555556 0.0953125 0.06111111111111111
0 0.917578125 0.4423611111111111 0.04609375 0.07083333333333333
0 0.8359375 0.32083333333333336 0.0203125 0.027777777777777776
0 0.463671875 0.2951388888888889 0.02109375 0.02361111111111111
0 0.78984375 0.39444444444444443 0.0609375 0.03333333333333333
0 0.90078125 0.37569444444444444 0.0140625 0.034722222222222224
0 0.79765625 0.3625 0.040625 0.027777777777777776
0 0.53671875 0.31805555555555554 0.0140625 0.019444444444444445
