0 0.46796875 0.6138888888888889 0.1046875 0.10833333333333334
0 0.191796875 0.5159722222222223 0.02265625 0.059722222222222225
0 0.5078125 0.4395833333333333 0.01875 0.02638888888888889
0 0.428125 0.4305555555555556 0.0328125 0.03611111111111111
0 0.6 0.44305555555555554 0.059375 0.05277777777777778
0 0.604296875 0.39375 0.01640625 0.018055555555555554
0 0.640234375 0.3875 0.01484375 0.027777777777777776
0 0.31328125 0.9166666666666666 0.046875 0.10555555555555556
0 0.59375 0.5034722222222222 0.0140625 0.03194444444444444
0 0.1796875 0.7513888888888889 0.121875 0.15555555555555556
0 0.5140625 0.5229166666666667 0.040625 0.0375
