0 0.33125 0.5807142857142857 0.028125 0.024285714285714285
0 0.63984375 0.4878571428571429 0.0109375 0.015714285714285715
0 0.229296875 0.4907142857142857 0.01328125 0.012857142857142857
0 0.16015625 0.6071428571428571 0.053125 0.02857142857142857
0 0.58515625 0.4692857142857143 0.00625 0.007142857142857143
0 0.60625 0.47 0.009375 0.008571428571428572
0 0.04453125 0.6107142857142858 0.0484375 0.027142857142857142
0 0.06953125 0.6914285714285714 0.0765625 0.04857142857142857
0 0.18046875 0.5042857142857143 0.00625 0.014285714285714285
0 0.605859375 0.47714285714285715 0.00859375 0.008571428571428572
0 0.59375 0.4764285714285714 0.0078125 0.007142857142857143
