0 0.894921875 0.40208333333333335 0.03984375 0.04583333333333333
0 0.44921875 0.37916666666666665 0.025 0.027777777777777776
0 0.280078125 0.41388888888888886 0.02421875 0.025
0 0.48828125 0.39305555555555555 0.01875 0.016666666666666666
0 0.17578125 0.43333333333333335 0.028125 0.019444444444444445
0 0.310546875 0.4444444444444444 0.02578125 0.03888888888888889
0 0.655078125 0.36319444444444443 0.01796875 0.03194444444444444
0 0.41015625 0.4076388888888889 0.0140625 0.020833333333333332
0 0.087109375 0.4625 0.02421875 0.03611111111111111
0 0.9140625 0.4201388888888889 0.0203125 0.02361111111111111
