0 0.51640625 0.33055555555555555 0.034375 0.03888888888888889
0 0.819921875 0.2652777777777778 0.03984375 0.041666666666666664
0 0.7625 0.26458333333333334 0.0328125 0.034722222222222224
0 0.174609375 0.6180555555555556 0.02578125 0.06388888888888888
0 0.699609375 0.26944444444444443 0.02265625 0.030555555555555555
0 0.196484375 0.69375 0.06796875 0.07361111111111111
0 0.531640625 0.5090277777777777 0.05234375 0.07361111111111111
0 0.93828125 0.3076388888888889 0.0484375 0.0375
0 0.35625 0.39652777777777776 0.0234375 0.03194444444444444
0 0.505859375 0.8666666666666667 0.17265625 0.20833333333333334
