0 0.527734375 0.3625 0.02265625 0.022222222222222223
0 0.444921875 0.3770833333333333 0.00703125 0.0125
0 0.19609375 0.43819444444444444 0.0203125 0.015277777777777777
0 0.119140625 0.4548611111111111 0.01015625 0.0125
0 0.105859375 0.4597222222222222 0.01640625 0.016666666666666666
0 0.0984375 0.48055555555555557 0.009375 0.011111111111111112
0 0.30859375 0.40069444444444446 0.00625 0.009722222222222222
0 0.297265625 0.40208333333333335 0.01328125 0.006944444444444444
0 0.38359375 0.38333333333333336 0.0078125 0.008333333333333333
0 0.42578125 0.3819444444444444 0.0125 0.008333333333333333
