0 0.5453125 0.40902777777777777 0.028125 0.04027777777777778
0 0.817578125 0.43819444444444444 0.05078125 0.05416666666666667
0 0.7734375 0.3541666666666667 0.0296875 0.027777777777777776
0 0.565625 0.37569444444444444 0.03125 0.03194444444444444
0 0.442578125 0.37569444444444444 0.01171875 0.0125
0 0.200390625 0.4326388888888889 0.01796875 0.018055555555555554
0 0.451171875 0.6743055555555556 0.03046875 0.04583333333333333
0 0.10703125 0.4534722222222222 0.0078125 0.018055555555555554
0 0.114453125 0.45416666666666666 0.00859375 0.016666666666666666
0 0.12265625 0.45069444444444445 0.0078125 0.018055555555555554
0 0.5 0.39305555555555555 0.021875 0.03333333333333333
