0 0.284375 0.32569444444444445 0.01875 0.02638888888888889
0 0.2390625 0.3625 0.0203125 0.027777777777777776
0 0.415234375 0.3145833333333333 0.02421875 0.0375
0 0.333203125 0.31319444444444444 0.02421875 0.02361111111111111
0 0.14765625 0.3645833333333333 0.0140625 0.020833333333333332
0 0.2734375 0.3680555555555556 0.0171875 0.041666666666666664
0 0.627734375 0.30833333333333335 0.01328125 0.027777777777777776
0 0.251171875 0.3423611111111111 0.02109375 0.034722222222222224
0 0.581640625 0.31319444444444444 0.01328125 0.04583333333333333
0 0.580859375 0.34652777777777777 0.02421875 0.029166666666666667
