0 0.338671875 0.4222222222222222 0.04296875 0.04722222222222222
0 0.153515625 0.4861111111111111 0.06953125 0.05555555555555555
0 0.19453125 0.40694444444444444 0.0296875 0.03611111111111111
0 0.338671875 0.3701388888888889 0.02421875 0.02361111111111111
0 0.164453125 0.37430555555555556 0.02109375 0.034722222222222224
0 0.4703125 0.4756944444444444 0.0265625 0.04861111111111111
0 0.253515625 0.36041666666666666 0.01484375 0.029166666666666667
0 0.76796875 0.4152777777777778 0.0640625 0.06111111111111111
0 0.55 0.2923611111111111 0.0171875 0.020833333333333332
0 0.637109375 0.3076388888888889 0.01953125 0.020833333333333332
0 0.13203125 0.4125 0.0171875 0.03333333333333333
0 0.169921875 0.3993055555555556 0.02109375 0.02361111111111111
0 0.49140625 0.3861111111111111 0.034375 0.03333333333333333
0 0.46796875 0.3909722222222222 0.0171875 0.015277777777777777
0 0.469921875 0.4041666666666667 0.01953125 0.022222222222222223
0 0.559765625 0.31666666666666665 0.02578125 0.030555555555555555
0 0.49375 0.4576388888888889 0.0203125 0.059722222222222225
0 0.507421875 0.44027777777777777 0.03828125 0.05277777777777778
