0 0.541015625 0.3145833333333333 0.01640625 0.0125
0 0.579296875 0.28958333333333336 0.01953125 0.020833333333333332
0 0.646875 0.3736111111111111 0.0359375 0.044444444444444446
0 0.41015625 0.2951388888888889 0.0171875 0.018055555555555554
0 0.468359375 0.30694444444444446 0.02421875 0.022222222222222223
0 0.28203125 0.3347222222222222 0.021875 0.027777777777777776
0 0.14296875 0.36319444444444443 0.0265625 0.03194444444444444
0 0.491015625 0.29791666666666666 0.01171875 0.015277777777777777
0 0.912109375 0.6847222222222222 0.09921875 0.13333333333333333
0 0.44296875 0.3451388888888889 0.0203125 0.015277777777777777
0 0.29921875 0.33958333333333335 0.0171875 0.0125
0 0.694140625 0.9159722222222222 0.23984375 0.10694444444444444
0 0.42890625 0.30277777777777776 0.0234375 0.022222222222222223
0 0.443359375 0.31319444444444444 0.01796875 0.0125
0 0.424609375 0.3145833333333333 0.01171875 0.0125
0 0.54375 0.30486111111111114 0.015625 0.0125
0 0.555859375 0.29583333333333334 0.00859375 0.013888888888888888
