0 0.896875 0.21805555555555556 0.0265625 0.03888888888888889
0 0.573828125 0.3111111111111111 0.03515625 0.04722222222222222
0 0.463671875 0.4076388888888889 0.03828125 0.0375
0 0.48671875 0.33819444444444446 0.03125 0.03194444444444444
0 0.318359375 0.40347222222222223 0.02734375 0.034722222222222224
0 0.58046875 0.4013888888888889 0.04375 0.07222222222222222
0 0.283984375 0.4270833333333333 0.02578125 0.029166666666666667
0 0.346875 0.3909722222222222 0.021875 0.029166666666666667
0 0.612109375 0.3347222222222222 0.02421875 0.027777777777777776
0 0.45703125 0.3326388888888889 0.021875 0.02638888888888889
0 0.3328125 0.4465277777777778 0.034375 0.03194444444444444
0 0.51640625 0.31805555555555554 0.034375 0.03611111111111111
0 0.533203125 0.3590277777777778 0.02421875 0.020833333333333332
0 0.5203125 0.37083333333333335 0.0265625 0.019444444444444445
0 0.5890625 0.27152777777777776 0.009375 0.015277777777777777
0 0.576953125 0.2777777777777778 0.01484375 0.011111111111111112
0 0.803515625 0.225 0.01640625 0.019444444444444445
0 0.82734375 0.22569444444444445 0.0234375 0.029166666666666667
0 0.843359375 0.2222222222222222 0.02578125 0.025
