0 0.43671875 0.3458333333333333 0.01875 0.041666666666666664
0 0.4578125 0.3736111111111111 0.0453125 0.041666666666666664
0 0.21953125 0.4708333333333333 0.021875 0.041666666666666664
0 0.3140625 0.4222222222222222 0.0234375 0.04722222222222222
0 0.58828125 0.30625 0.0203125 0.020833333333333332
0 0.56015625 0.28541666666666665 0.0203125 0.020833333333333332
0 0.118359375 0.45625 0.03359375 0.03194444444444444
0 0.08359375 0.44930555555555557 0.0140625 0.03194444444444444
0 0.175 0.7416666666666667 0.1 0.23333333333333334
0 0.584765625 0.3125 0.01171875 0.019444444444444445
