0 0.966796875 0.3347222222222222 0.05234375 0.10277777777777777
0 0.551171875 0.3125 0.01640625 0.03333333333333333
0 0.755859375 0.27569444444444446 0.03046875 0.0375
0 0.984375 0.22708333333333333 0.0234375 0.029166666666666667
0 0.35546875 0.4027777777777778 0.0265625 0.05
0 0.788671875 0.27152777777777776 0.01796875 0.018055555555555554
0 0.775390625 0.2777777777777778 0.01796875 0.016666666666666666
0 0.94453125 0.3659722222222222 0.028125 0.043055555555555555
0 0.956640625 0.3819444444444444 0.03203125 0.05555555555555555
0 0.331640625 0.41180555555555554 0.02109375 0.02638888888888889
