0 0.357421875 0.37569444444444444 0.02890625 0.04027777777777778
0 0.242578125 0.3909722222222222 0.04140625 0.04583333333333333
0 0.49375 0.3819444444444444 0.0421875 0.04722222222222222
0 0.787890625 0.2972222222222222 0.03203125 0.025
0 0.35078125 0.30833333333333335 0.009375 0.016666666666666666
0 0.869140625 0.3104166666666667 0.01640625 0.02361111111111111
0 0.176953125 0.3423611111111111 0.01015625 0.0125
0 0.199609375 0.3375 0.01171875 0.016666666666666666
0 0.22578125 0.3368055555555556 0.0109375 0.015277777777777777
0 0.13515625 0.3486111111111111 0.015625 0.016666666666666666
0 0.13203125 0.37222222222222223 0.0203125 0.030555555555555555
0 0.53125 0.2798611111111111 0.025 0.020833333333333332
0 0.516796875 0.33055555555555555 0.01015625 0.016666666666666666
0 0.5171875 0.3159722222222222 0.009375 0.0125
0 0.380859375 0.30486111111111114 0.01171875 0.0125
0 0.812890625 0.3111111111111111 0.01796875 0.019444444444444445
