0 0.50859375 0.375 0.0359375 0.05555555555555555
0 0.53671875 0.3548611111111111 0.0578125 0.05138888888888889
0 0.40859375 0.35694444444444445 0.0328125 0.03333333333333333
0 0.6421875 0.38055555555555554 0.034375 0.06666666666666667
0 0.981640625 0.37430555555555556 0.03515625 0.11805555555555555
0 0.790234375 0.38472222222222224 0.07109375 0.10277777777777777
0 0.562890625 0.3145833333333333 0.03203125 0.0375
0 0.326953125 0.39861111111111114 0.01328125 0.019444444444444445
0 0.430078125 0.35555555555555557 0.01953125 0.03888888888888889
0 0.635546875 0.4097222222222222 0.01015625 0.025
0 0.626953125 0.4125 0.01015625 0.027777777777777776
