0 0.8046875 0.5354166666666667 0.0234375 0.02638888888888889
0 0.5625 0.5194444444444445 0.01875 0.030555555555555555
0 0.621484375 0.5208333333333334 0.01015625 0.027777777777777776
0 0.64765625 0.5097222222222222 0.0078125 0.019444444444444445
0 0.694140625 0.4965277777777778 0.00703125 0.018055555555555554
0 0.6671875 0.5111111111111111 0.0125 0.019444444444444445
0 0.678125 0.5145833333333333 0.0125 0.018055555555555554
0 0.7375 0.49027777777777776 0.00625 0.013888888888888888
0 0.748046875 0.47847222222222224 0.01171875 0.0125
0 0.75546875 0.48194444444444445 0.0046875 0.011111111111111112
0 0.728125 0.4875 0.00625 0.011111111111111112
0 0.701953125 0.49444444444444446 0.01015625 0.013888888888888888
