0 0.65703125 0.3326388888888889 0.025 0.02638888888888889
0 0.362890625 0.3819444444444444 0.02109375 0.03888888888888889
0 0.330078125 0.3541666666666667 0.01171875 0.016666666666666666
0 0.087109375 0.4083333333333333 0.01484375 0.030555555555555555
0 0.598046875 0.2986111111111111 0.01796875 0.019444444444444445
0 0.15078125 0.38680555555555557 0.0140625 0.015277777777777777
0 0.158203125 0.375 0.01328125 0.022222222222222223
0 0.2375 0.36944444444444446 0.025 0.027777777777777776
0 0.29609375 0.3590277777777778 0.021875 0.015277777777777777
0 0.584765625 0.325 0.01640625 0.030555555555555555
0 0.58359375 0.3472222222222222 0.021875 0.022222222222222223
0 0.274609375 0.3819444444444444 0.01640625 0.019444444444444445
0 0.499609375 0.30972222222222223 0.00703125 0.008333333333333333
0 0.134375 0.3576388888888889 0.00625 0.006944444444444444
