0 0.6625 0.4486111111111111 0.0671875 0.058333333333333334
0 0.5375 0.4125 0.028125 0.044444444444444446
0 0.7671875 0.38472222222222224 0.04375 0.05
0 0.88828125 0.41180555555555554 0.05625 0.059722222222222225
0 0.579296875 0.3645833333333333 0.01953125 0.020833333333333332
0 0.1734375 0.49444444444444446 0.0546875 0.05555555555555555
0 0.689453125 0.3638888888888889 0.03046875 0.03611111111111111
0 0.81640625 0.3541666666666667 0.028125 0.025
0 0.429296875 0.3888888888888889 0.02421875 0.022222222222222223
0 0.24375 0.42916666666666664 0.034375 0.03888888888888889
0 0.851171875 0.36041666666666666 0.02734375 0.03194444444444444
0 0.74296875 0.39791666666666664 0.01875 0.02361111111111111
0 0.728515625 0.40555555555555556 0.01015625 0.016666666666666666
0 0.94140625 0.39444444444444443 0.0328125 0.03888888888888889
