0 0.401953125 0.8215277777777777 0.15390625 0.15416666666666667
0 0.178515625 0.6361111111111111 0.07578125 0.06111111111111111
0 0.284765625 0.47291666666666665 0.06328125 0.07916666666666666
0 0.125390625 0.47152777777777777 0.02421875 0.0375
0 0.380078125 0.42430555555555555 0.04296875 0.06805555555555555
0 0.155078125 0.5534722222222223 0.06015625 0.07083333333333333
0 0.667578125 0.6555555555555556 0.06640625 0.175
0 0.178125 0.9166666666666666 0.046875 0.10277777777777777
0 0.918359375 0.6534722222222222 0.03828125 0.0875
0 0.922265625 0.5569444444444445 0.02578125 0.075
0 0.2078125 0.6104166666666667 0.0234375 0.059722222222222225
0 0.5984375 0.5055555555555555 0.04375 0.06666666666666667
0 0.565625 0.5541666666666667 0.0265625 0.08611111111111111
0 0.694921875 0.6694444444444444 0.02890625 0.05
0 0.939453125 0.4618055555555556 0.03515625 0.0625
