0 0.47578125 0.40625 0.0328125 0.02361111111111111
0 0.53828125 0.3680555555555556 0.025 0.027777777777777776
0 0.697265625 0.3506944444444444 0.01796875 0.015277777777777777
0 0.559375 0.4152777777777778 0.03125 0.025
0 0.40078125 0.41180555555555554 0.01875 0.02361111111111111
0 0.59921875 0.3541666666666667 0.0140625 0.011111111111111112
0 0.4296875 0.4013888888888889 0.0203125 0.019444444444444445
0 0.49921875 0.3763888888888889 0.0109375 0.011111111111111112
0 0.50859375 0.37222222222222223 0.0140625 0.011111111111111112
0 0.641796875 0.35138888888888886 0.02109375 0.016666666666666666
