0 0.202734375 0.46458333333333335 0.04609375 0.04583333333333333
0 0.681640625 0.3902777777777778 0.03046875 0.03611111111111111
0 0.54140625 0.3923611111111111 0.028125 0.034722222222222224
0 0.660546875 0.5833333333333334 0.12265625 0.11388888888888889
0 0.292578125 0.42986111111111114 0.01328125 0.018055555555555554
0 0.553515625 0.43819444444444444 0.03046875 0.05138888888888889
0 0.616015625 0.37777777777777777 0.03046875 0.03611111111111111
0 0.4625 0.4305555555555556 0.0171875 0.027777777777777776
0 0.316796875 0.42986111111111114 0.01015625 0.020833333333333332
0 0.3875 0.39305555555555555 0.015625 0.022222222222222223
