0 0.934375 0.36041666666666666 0.03125 0.03194444444444444
0 0.525390625 0.39166666666666666 0.03828125 0.03333333333333333
0 0.27421875 0.4125 0.0234375 0.030555555555555555
0 0.217578125 0.4375 0.02265625 0.027777777777777776
0 0.555859375 0.35555555555555557 0.01796875 0.016666666666666666
0 0.321484375 0.3951388888888889 0.01328125 0.015277777777777777
0 0.222265625 0.4736111111111111 0.01953125 0.025
0 0.219140625 0.5729166666666666 0.03828125 0.07361111111111111
0 0.244140625 0.5930555555555556 0.02421875 0.08055555555555556
0 0.272265625 0.5479166666666667 0.02578125 0.05416666666666667
0 0.266796875 0.5819444444444445 0.02421875 0.06666666666666667
0 0.8125 0.36180555555555555 0.015625 0.04583333333333333
0 0.821875 0.38125 0.0265625 0.0375
