0 0.645703125 0.30416666666666664 0.04140625 0.03888888888888889
0 0.855859375 0.23819444444444443 0.03515625 0.015277777777777777
0 0.79140625 0.25416666666666665 0.03125 0.027777777777777776
0 0.14765625 0.5076388888888889 0.03125 0.043055555555555555
0 0.4265625 0.48055555555555557 0.0265625 0.041666666666666664
0 0.2734375 0.4270833333333333 0.0203125 0.015277777777777777
0 0.28828125 0.39861111111111114 0.0234375 0.03333333333333333
0 0.300390625 0.4173611111111111 0.01640625 0.02361111111111111
0 0.519921875 0.3090277777777778 0.01484375 0.02638888888888889
0 0.420703125 0.33611111111111114 0.01015625 0.022222222222222223
0 0.3734375 0.3638888888888889 0.00625 0.016666666666666666
0 0.36328125 0.375 0.0140625 0.027777777777777776
0 0.3578125 0.3888888888888889 0.0125 0.016666666666666666
0 0.3734375 0.4125 0.025 0.05
