0 0.69375 0.4807142857142857 0.0125 0.01
0 0.162109375 0.6871428571428572 0.03046875 0.04
0 0.525 0.5107142857142857 0.0109375 0.015714285714285715
0 0.4640625 0.55 0.0265625 0.022857142857142857
0 0.4578125 0.5814285714285714 0.01875 0.022857142857142857
0 0.440234375 0.5721428571428572 0.01484375 0.03
0 0.2890625 0.64 0.025 0.03142857142857143
0 0.3453125 0.7228571428571429 0.015625 0.03142857142857143
0 0.562890625 0.47785714285714287 0.00390625 0.01
0 0.608984375 0.4764285714285714 0.00703125 0.01
0 0.578515625 0.49642857142857144 0.00390625 0.01
0 0.45546875 0.4942857142857143 0.0078125 0.008571428571428572
