0 0.740625 0.4861111111111111 0.071875 0.06388888888888888
0 0.632421875 0.3090277777777778 0.01796875 0.03194444444444444
0 0.469140625 0.30486111111111114 0.01953125 0.03194444444444444
0 0.95625 0.38958333333333334 0.021875 0.04027777777777778
0 0.86640625 0.48819444444444443 0.0453125 0.06527777777777778
0 0.5375 0.3173611111111111 0.0140625 0.02638888888888889
0 0.8546875 0.41597222222222224 0.025 0.05694444444444444
0 0.784765625 0.3159722222222222 0.03671875 0.02361111111111111
0 0.853125 0.8013888888888889 0.134375 0.18333333333333332
0 0.41875 0.29444444444444445 0.0109375 0.019444444444444445
0 0.8765625 0.30833333333333335 0.0109375 0.025
