0 0.898046875 0.4173611111111111 0.04765625 0.04861111111111111
0 0.61171875 0.7027777777777777 0.1359375 0.15
0 0.496484375 0.46875 0.02578125 0.034722222222222224
0 0.548046875 0.5756944444444444 0.03671875 0.05416666666666667
0 0.69453125 0.4583333333333333 0.03125 0.03611111111111111
0 0.334765625 0.4486111111111111 0.03359375 0.03333333333333333
0 0.54609375 0.3958333333333333 0.01875 0.025
0 0.726953125 0.43333333333333335 0.02265625 0.022222222222222223
0 0.93046875 0.4909722222222222 0.0296875 0.04583333333333333
0 0.618359375 0.39444444444444443 0.02265625 0.016666666666666666
0 0.601171875 0.37916666666666665 0.02421875 0.019444444444444445
0 0.193359375 0.49375 0.01953125 0.029166666666666667
0 0.21484375 0.4534722222222222 0.021875 0.0125
0 0.239453125 0.4479166666666667 0.02421875 0.0125
0 0.290625 0.44722222222222224 0.009375 0.019444444444444445
0 0.130859375 0.48194444444444445 0.02890625 0.03333333333333333
0 0.129296875 0.4895833333333333 0.01796875 0.018055555555555554
0 0.54453125 0.4173611111111111 0.015625 0.029166666666666667
0 0.751171875 0.4013888888888889 0.02109375 0.013888888888888888
0 0.77109375 0.41180555555555554 0.0265625 0.029166666666666667
