0 0.455078125 0.6263888888888889 0.03203125 0.08611111111111111
0 0.180078125 0.6305555555555555 0.07890625 0.06944444444444445
0 0.282421875 0.4722222222222222 0.06328125 0.08333333333333333
0 0.52109375 0.5965277777777778 0.0484375 0.06805555555555555
0 0.12421875 0.4701388888888889 0.021875 0.043055555555555555
0 0.571484375 0.5319444444444444 0.07578125 0.1111111111111111
0 0.378515625 0.425 0.03984375 0.07777777777777778
0 0.67265625 0.6506944444444445 0.0734375 0.1625
0 0.155859375 0.5486111111111112 0.06484375 0.075
0 0.894921875 0.6111111111111112 0.05859375 0.09444444444444444
0 0.179296875 0.9125 0.03984375 0.11388888888888889
0 0.940234375 0.4465277777777778 0.04296875 0.0763888888888889
0 0.2171875 0.5965277777777778 0.04375 0.043055555555555555
0 0.403515625 0.8298611111111112 0.16796875 0.17083333333333334
