0 0.651953125 0.3993055555555556 0.02421875 0.02361111111111111
0 0.891015625 0.41458333333333336 0.05078125 0.05416666666666667
0 0.84296875 0.4236111111111111 0.0359375 0.03333333333333333
0 0.562109375 0.37569444444444444 0.01796875 0.0125
0 0.619921875 0.3770833333333333 0.02109375 0.015277777777777777
0 0.807421875 0.39861111111111114 0.02890625 0.027777777777777776
0 0.3734375 0.44375 0.015625 0.018055555555555554
0 0.383203125 0.45416666666666666 0.01328125 0.022222222222222223
0 0.396875 0.45069444444444445 0.01875 0.0125
0 0.783203125 0.39444444444444443 0.01953125 0.019444444444444445
