0 0.676171875 0.3659722222222222 0.02421875 0.05138888888888889
0 0.506640625 0.33402777777777776 0.01328125 0.04027777777777778
0 0.869921875 0.44027777777777777 0.03671875 0.10277777777777777
0 0.4328125 0.3451388888888889 0.0203125 0.020833333333333332
0 0.238671875 0.375 0.02265625 0.027777777777777776
0 0.389453125 0.3527777777777778 0.02265625 0.016666666666666666
0 0.59765625 0.2965277777777778 0.0171875 0.020833333333333332
0 0.525390625 0.4027777777777778 0.02265625 0.025
0 0.136328125 0.34791666666666665 0.01328125 0.018055555555555554
0 0.4984375 0.4076388888888889 0.028125 0.043055555555555555
0 0.5984375 0.31180555555555556 0.0125 0.0125
0 0.671484375 0.3875 0.02578125 0.025
0 0.85390625 0.4375 0.0296875 0.03333333333333333
0 0.275 0.38055555555555554 0.015625 0.025
