0 0.503125 0.3611111111111111 0.0390625 0.03888888888888889
0 0.54921875 0.33194444444444443 0.028125 0.030555555555555555
0 0.716015625 0.2881944444444444 0.02109375 0.018055555555555554
0 0.52421875 0.28541666666666665 0.015625 0.018055555555555554
0 0.496484375 0.32083333333333336 0.01484375 0.030555555555555555
0 0.746875 0.4798611111111111 0.04375 0.043055555555555555
0 0.85859375 0.33125 0.0421875 0.02361111111111111
0 0.875 0.7756944444444445 0.0578125 0.14027777777777778
0 0.82109375 0.34375 0.0453125 0.02638888888888889
0 0.94140625 0.43819444444444444 0.01875 0.05694444444444444
0 0.909375 0.5472222222222223 0.053125 0.10555555555555556
