0 0.238671875 0.3715277777777778 0.02578125 0.02638888888888889
0 0.3546875 0.3770833333333333 0.0328125 0.04027777777777778
0 0.284375 0.36041666666666666 0.015625 0.018055555555555554
0 0.584765625 0.32916666666666666 0.01796875 0.016666666666666666
0 0.091015625 0.39375 0.02109375 0.02361111111111111
0 0.3265625 0.36041666666666666 0.0203125 0.020833333333333332
0 0.598046875 0.2986111111111111 0.02109375 0.022222222222222223
0 0.658984375 0.33194444444444443 0.02265625 0.025
0 0.11015625 0.3770833333333333 0.00625 0.015277777777777777
0 0.119140625 0.35208333333333336 0.02109375 0.0125
0 0.583984375 0.3472222222222222 0.02109375 0.022222222222222223
0 0.135546875 0.3541666666666667 0.00703125 0.011111111111111112
0 0.27578125 0.3819444444444444 0.015625 0.025
