0 0.662890625 0.4340277777777778 0.06484375 0.05416666666666667
0 0.168359375 0.4076388888888889 0.03046875 0.04027777777777778
0 0.422265625 0.3472222222222222 0.03671875 0.03611111111111111
0 0.42421875 0.4284722222222222 0.0484375 0.06527777777777778
0 0.192578125 0.3486111111111111 0.02109375 0.016666666666666666
0 0.277734375 0.3277777777777778 0.00703125 0.016666666666666666
0 0.283984375 0.3333333333333333 0.01171875 0.016666666666666666
0 0.3046875 0.31527777777777777 0.0171875 0.016666666666666666
0 0.458984375 0.31527777777777777 0.02578125 0.030555555555555555
0 0.471484375 0.2986111111111111 0.02109375 0.025
0 0.508984375 0.2826388888888889 0.01328125 0.0125
0 0.53828125 0.2826388888888889 0.0125 0.015277777777777777
0 0.562109375 0.275 0.01796875 0.016666666666666666
0 0.662109375 0.2951388888888889 0.00859375 0.02638888888888889
0 0.742578125 0.30069444444444443 0.02890625 0.02638888888888889
0 0.740625 0.33055555555555555 0.0203125 0.025
0 0.716015625 0.33958333333333335 0.01953125 0.020833333333333332
