0 0.520703125 0.4666666666666667 0.03515625 0.07222222222222222
0 0.784765625 0.46319444444444446 0.03515625 0.0763888888888889
0 0.90625 0.4111111111111111 0.053125 0.04722222222222222
0 0.289453125 0.4305555555555556 0.02578125 0.03333333333333333
0 0.66640625 0.4152777777777778 0.0234375 0.022222222222222223
0 0.3484375 0.48541666666666666 0.0484375 0.04027777777777778
0 0.8984375 0.3701388888888889 0.0140625 0.018055555555555554
0 0.8625 0.3701388888888889 0.0171875 0.018055555555555554
0 0.646875 0.4201388888888889 0.015625 0.02361111111111111
0 0.9359375 0.37083333333333335 0.0109375 0.022222222222222223
0 0.61328125 0.3819444444444444 0.028125 0.03611111111111111
0 0.5890625 0.3819444444444444 0.009375 0.019444444444444445
0 0.24921875 0.5993055555555555 0.0484375 0.07083333333333333
0 0.96171875 0.36944444444444446 0.0078125 0.022222222222222223
