0 0.231640625 0.4701388888888889 0.03828125 0.04027777777777778
0 0.107421875 0.4965277777777778 0.02734375 0.03194444444444444
0 0.38828125 0.4548611111111111 0.0265625 0.034722222222222224
0 0.658203125 0.3861111111111111 0.01796875 0.016666666666666666
0 0.7703125 0.3701388888888889 0.0171875 0.020833333333333332
0 0.4109375 0.4979166666666667 0.03125 0.020833333333333332
0 0.269921875 0.44583333333333336 0.02421875 0.013888888888888888
0 0.417578125 0.41458333333333336 0.01015625 0.015277777777777777
0 0.553515625 0.3770833333333333 0.01328125 0.009722222222222222
0 0.5359375 0.37916666666666665 0.0140625 0.008333333333333333
0 0.50234375 0.38472222222222224 0.0078125 0.005555555555555556
0 0.57578125 0.4826388888888889 0.0328125 0.02638888888888889
0 0.803125 0.37569444444444444 0.025 0.03194444444444444
0 0.817578125 0.37430555555555556 0.00859375 0.02361111111111111
0 0.564453125 0.48819444444444443 0.01953125 0.018055555555555554
