0 0.886328125 0.37777777777777777 0.04609375 0.03611111111111111
0 0.559375 0.3701388888888889 0.01875 0.02361111111111111
0 0.669140625 0.4576388888888889 0.05234375 0.034722222222222224
0 0.16875 0.44930555555555557 0.025 0.02638888888888889
0 0.348828125 0.40208333333333335 0.02890625 0.029166666666666667
0 0.36875 0.3923611111111111 0.0109375 0.018055555555555554
0 0.409765625 0.38055555555555554 0.01015625 0.013888888888888888
0 0.453515625 0.37569444444444444 0.02421875 0.02361111111111111
0 0.740234375 0.3861111111111111 0.02734375 0.044444444444444446
0 0.725390625 0.37569444444444444 0.01484375 0.04583333333333333
