0 0.8328125 0.38819444444444445 0.0421875 0.04861111111111111
0 0.629296875 0.3229166666666667 0.03671875 0.04027777777777778
0 0.753515625 0.29375 0.02578125 0.029166666666666667
0 0.941796875 0.33402777777777776 0.03984375 0.04027777777777778
0 0.5828125 0.4576388888888889 0.04375 0.0375
0 0.496875 0.45208333333333334 0.028125 0.03194444444444444
0 0.80234375 0.3375 0.034375 0.03611111111111111
0 0.82421875 0.3236111111111111 0.0421875 0.041666666666666664
0 0.89609375 0.31805555555555554 0.0359375 0.03888888888888889
0 0.876171875 0.32222222222222224 0.02734375 0.027777777777777776
0 0.819921875 0.35555555555555557 0.01796875 0.019444444444444445
0 0.8515625 0.3527777777777778 0.015625 0.016666666666666666
0 0.852734375 0.3333333333333333 0.01328125 0.016666666666666666
