0 0.872265625 0.4423611111111111 0.02421875 0.1125
0 0.271875 0.3763888888888889 0.0296875 0.03888888888888889
0 0.6765625 0.3680555555555556 0.0265625 0.06388888888888888
0 0.505859375 0.3347222222222222 0.01328125 0.044444444444444446
0 0.4328125 0.34305555555555556 0.0171875 0.019444444444444445
0 0.23984375 0.37777777777777777 0.025 0.030555555555555555
0 0.137890625 0.35 0.01328125 0.019444444444444445
0 0.3890625 0.35208333333333336 0.009375 0.009722222222222222
0 0.39921875 0.3548611111111111 0.0109375 0.015277777777777777
0 0.665625 0.3875 0.0171875 0.027777777777777776
0 0.11171875 0.35138888888888886 0.0109375 0.013888888888888888
