0 0.537109375 0.48055555555555557 0.08359375 0.07222222222222222
0 0.441015625 0.4215277777777778 0.02734375 0.06805555555555555
0 0.171875 0.4097222222222222 0.0359375 0.041666666666666664
0 0.32578125 0.36319444444444443 0.040625 0.034722222222222224
0 0.741015625 0.30069444444444443 0.03046875 0.02638888888888889
0 0.6625 0.29583333333333334 0.0109375 0.025
0 0.282421875 0.3263888888888889 0.01484375 0.013888888888888888
0 0.13359375 0.34930555555555554 0.025 0.0125
0 0.555078125 0.31666666666666665 0.01484375 0.016666666666666666
0 0.493359375 0.30972222222222223 0.01484375 0.022222222222222223
0 0.202734375 0.3347222222222222 0.00703125 0.008333333333333333
0 0.19921875 0.34791666666666665 0.0109375 0.015277777777777777
0 0.187109375 0.3458333333333333 0.01015625 0.016666666666666666
0 0.30625 0.31527777777777777 0.0125 0.013888888888888888
0 0.34609375 0.31875 0.009375 0.009722222222222222
0 0.442578125 0.2861111111111111 0.01015625 0.008333333333333333
0 0.464453125 0.29375 0.00859375 0.018055555555555554
0 0.465234375 0.3138888888888889 0.02890625 0.03333333333333333
0 0.51015625 0.2847222222222222 0.0140625 0.016666666666666666
0 0.351953125 0.3277777777777778 0.00859375 0.008333333333333333
0 0.396484375 0.2951388888888889 0.01796875 0.009722222222222222
