0 0.88046875 0.4048611111111111 0.059375 0.04861111111111111
0 0.59765625 0.40694444444444444 0.0375 0.044444444444444446
0 0.6640625 0.4263888888888889 0.0421875 0.04722222222222222
0 0.176953125 0.45625 0.02734375 0.04583333333333333
0 0.235546875 0.5784722222222223 0.04609375 0.10694444444444444
0 0.6921875 0.5020833333333333 0.0578125 0.07916666666666666
0 0.1078125 0.4548611111111111 0.015625 0.015277777777777777
0 0.517578125 0.3590277777777778 0.01484375 0.015277777777777777
0 0.4484375 0.375 0.015625 0.011111111111111112
0 0.44609375 0.6729166666666667 0.0359375 0.043055555555555555
0 0.18515625 0.4270833333333333 0.0171875 0.015277777777777777
0 0.225390625 0.41875 0.01640625 0.0125
