0 0.74453125 0.3861111111111111 0.046875 0.041666666666666664
0 0.815625 0.3902777777777778 0.04375 0.03888888888888889
0 0.41328125 0.3854166666666667 0.0234375 0.02638888888888889
0 0.62734375 0.3819444444444444 0.021875 0.03333333333333333
0 0.6015625 0.3659722222222222 0.0234375 0.02638888888888889
0 0.512890625 0.3902777777777778 0.02421875 0.03333333333333333
0 0.451171875 0.38125 0.03046875 0.02361111111111111
0 0.152734375 0.44722222222222224 0.01796875 0.03333333333333333
0 0.3390625 0.40902777777777777 0.0171875 0.03194444444444444
0 0.21171875 0.4236111111111111 0.0140625 0.019444444444444445
