0 0.861328125 0.5069444444444444 0.04296875 0.075
0 0.7953125 0.7388888888888889 0.0765625 0.2
0 0.47265625 0.4131944444444444 0.0234375 0.06527777777777778
0 0.35859375 0.5333333333333333 0.040625 0.09722222222222222
0 0.7 0.33541666666666664 0.021875 0.0375
0 0.41015625 0.35 0.034375 0.03333333333333333
0 0.344140625 0.31666666666666665 0.02265625 0.025
0 0.512109375 0.3138888888888889 0.01484375 0.022222222222222223
0 0.800390625 0.3388888888888889 0.02265625 0.019444444444444445
0 0.653515625 0.3298611111111111 0.03203125 0.029166666666666667
0 0.668359375 0.3125 0.02890625 0.022222222222222223
0 0.898828125 0.7763888888888889 0.05859375 0.11666666666666667
0 0.894921875 0.6986111111111111 0.04453125 0.08055555555555556
0 0.959765625 0.34791666666666665 0.03828125 0.04583333333333333
0 0.9375 0.325 0.025 0.027777777777777776
