0 0.441796875 0.6957142857142857 0.06484375 0.05714285714285714
0 0.372265625 0.6628571428571428 0.04140625 0.06
0 0.3359375 0.6028571428571429 0.0359375 0.037142857142857144
0 0.428125 0.5242857142857142 0.0171875 0.02
0 0.459765625 0.5235714285714286 0.01640625 0.018571428571428572
0 0.24765625 0.6128571428571429 0.0171875 0.04285714285714286
0 0.380078125 0.5342857142857143 0.01171875 0.02
0 0.403125 0.5221428571428571 0.0125 0.012857142857142857
0 0.436328125 0.5064285714285715 0.01015625 0.012857142857142857
0 0.32734375 0.5521428571428572 0.0140625 0.018571428571428572
0 0.51484375 0.52 0.0078125 0.02
0 0.44296875 0.5007142857142857 0.0046875 0.01
0 0.48828125 0.5014285714285714 0.00625 0.011428571428571429
0 0.87578125 0.4692857142857143 0.0046875 0.01
