0 0.846484375 0.36319444444444443 0.04140625 0.04583333333333333
0 0.877734375 0.3277777777777778 0.03828125 0.03888888888888889
0 0.712109375 0.33819444444444446 0.03671875 0.05138888888888889
0 0.61484375 0.3277777777777778 0.0359375 0.03611111111111111
0 0.52421875 0.3298611111111111 0.0296875 0.03194444444444444
0 0.926953125 0.3541666666666667 0.01953125 0.03333333333333333
0 0.671484375 0.3277777777777778 0.03984375 0.03333333333333333
0 0.964453125 0.33125 0.03828125 0.0375
0 0.74453125 0.35833333333333334 0.040625 0.05555555555555555
0 0.878125 0.36319444444444443 0.021875 0.05138888888888889
