0 0.878515625 0.36736111111111114 0.03828125 0.04027777777777778
0 0.680078125 0.4756944444444444 0.05703125 0.08472222222222223
0 0.58125 0.39791666666666664 0.01875 0.0375
0 0.63984375 0.38263888888888886 0.0171875 0.020833333333333332
0 0.27890625 0.4236111111111111 0.0203125 0.016666666666666666
0 0.355859375 0.39166666666666666 0.01484375 0.013888888888888888
0 0.248046875 0.4479166666666667 0.01484375 0.02361111111111111
0 0.230078125 0.5451388888888888 0.03828125 0.03194444444444444
0 0.205859375 0.5631944444444444 0.03828125 0.0375
0 0.195703125 0.5958333333333333 0.03984375 0.05277777777777778
0 0.22890625 0.58125 0.0390625 0.07916666666666666
0 0.25703125 0.6215277777777778 0.028125 0.04583333333333333
0 0.253125 0.5819444444444445 0.0296875 0.03888888888888889
0 0.360546875 0.6229166666666667 0.02421875 0.04027777777777778
0 0.385546875 0.6277777777777778 0.03359375 0.030555555555555555
0 0.398046875 0.39444444444444443 0.02265625 0.027777777777777776
0 0.412109375 0.41944444444444445 0.01953125 0.041666666666666664
0 0.469140625 0.36944444444444446 0.02109375 0.016666666666666666
0 0.676953125 0.3527777777777778 0.02421875 0.019444444444444445
