0 0.496875 0.5521428571428572 0.0203125 0.024285714285714285
0 0.567578125 0.5892857142857143 0.02734375 0.027142857142857142
0 0.45703125 0.5228571428571429 0.0109375 0.02
0 0.478125 0.525 0.01875 0.018571428571428572
0 0.441015625 0.5028571428571429 0.00859375 0.017142857142857144
0 0.429296875 0.54 0.01796875 0.02
0 0.3375 0.5485714285714286 0.015625 0.02
0 0.38125 0.5335714285714286 0.0125 0.018571428571428572
0 0.50234375 0.495 0.0078125 0.01
0 0.444140625 0.5814285714285714 0.01171875 0.02857142857142857
0 0.44375 0.5535714285714286 0.0140625 0.02142857142857143
0 0.484765625 0.5114285714285715 0.01484375 0.014285714285714285
0 0.46015625 0.495 0.0078125 0.01
0 0.42890625 0.4992857142857143 0.009375 0.012857142857142857
0 0.3953125 0.5035714285714286 0.0109375 0.012857142857142857
0 0.4109375 0.5485714285714286 0.00625 0.008571428571428572
0 0.51015625 0.5271428571428571 0.0078125 0.005714285714285714
