0 0.799609375 0.5597222222222222 0.09921875 0.12222222222222222
0 0.871875 0.3763888888888889 0.0375 0.03333333333333333
0 0.15 0.44027777777777777 0.025 0.019444444444444445
0 0.740625 0.41458333333333336 0.046875 0.03194444444444444
0 0.20703125 0.4284722222222222 0.0203125 0.018055555555555554
0 0.30625 0.4263888888888889 0.021875 0.03611111111111111
0 0.30625 0.47638888888888886 0.021875 0.058333333333333334
0 0.27578125 0.5041666666666667 0.028125 0.03888888888888889
0 0.38515625 0.3902777777777778 0.025 0.019444444444444445
0 0.341796875 0.4027777777777778 0.02890625 0.03333333333333333
0 0.271875 0.44722222222222224 0.015625 0.016666666666666666
