0 0.61640625 0.3173611111111111 0.040625 0.043055555555555555
0 0.53046875 0.3402777777777778 0.0390625 0.044444444444444446
0 0.876953125 0.2534722222222222 0.03046875 0.04027777777777778
0 0.6859375 0.28402777777777777 0.0171875 0.015277777777777777
0 0.45 0.425 0.04375 0.03888888888888889
0 0.34453125 0.40208333333333335 0.0359375 0.02638888888888889
0 0.691015625 0.3 0.01171875 0.011111111111111112
0 0.359765625 0.36666666666666664 0.01015625 0.013888888888888888
0 0.29375 0.4284722222222222 0.0109375 0.009722222222222222
0 0.315234375 0.4152777777777778 0.01484375 0.013888888888888888
