0 0.569921875 0.41944444444444445 0.04453125 0.05277777777777778
0 0.66171875 0.40625 0.028125 0.02638888888888889
0 0.894921875 0.35555555555555557 0.05390625 0.041666666666666664
0 0.465625 0.3326388888888889 0.01875 0.034722222222222224
0 0.621484375 0.35625 0.00859375 0.020833333333333332
0 0.430859375 0.36527777777777776 0.02890625 0.044444444444444446
0 0.67578125 0.34444444444444444 0.0203125 0.027777777777777776
0 0.279296875 0.3861111111111111 0.03046875 0.03333333333333333
0 0.87265625 0.4409722222222222 0.0359375 0.09305555555555556
0 0.841796875 0.3888888888888889 0.01328125 0.019444444444444445
0 0.303125 0.3840277777777778 0.0140625 0.015277777777777777
0 0.448828125 0.35555555555555557 0.01328125 0.013888888888888888
0 0.542578125 0.3375 0.01796875 0.022222222222222223
0 0.56171875 0.33055555555555555 0.0140625 0.013888888888888888
0 0.7703125 0.3909722222222222 0.0296875 0.03194444444444444
0 0.854296875 0.35208333333333336 0.01484375 0.029166666666666667
0 0.9109375 0.3729166666666667 0.0140625 0.020833333333333332
