0 0.30390625 0.3958333333333333 0.0328125 0.04722222222222222
0 0.35703125 0.3076388888888889 0.01875 0.018055555555555554
0 0.50625 0.3347222222222222 0.021875 0.03888888888888889
0 0.29921875 0.31666666666666665 0.0140625 0.013888888888888888
0 0.6015625 0.32708333333333334 0.034375 0.034722222222222224
0 0.666796875 0.3236111111111111 0.03359375 0.041666666666666664
0 0.548828125 0.3104166666666667 0.02265625 0.02638888888888889
0 0.740625 0.36180555555555555 0.0453125 0.0375
0 0.877734375 0.33194444444444443 0.04140625 0.030555555555555555
0 0.85078125 0.36875 0.03125 0.043055555555555555
0 0.13515625 0.35138888888888886 0.0140625 0.013888888888888888
0 0.95078125 0.3597222222222222 0.0375 0.05
0 0.95546875 0.33819444444444446 0.0328125 0.029166666666666667
