0 0.123828125 0.44166666666666665 0.02421875 0.04722222222222222
0 0.182421875 0.42569444444444443 0.01484375 0.02638888888888889
0 0.583984375 0.3284722222222222 0.01640625 0.018055555555555554
0 0.362109375 0.39652777777777776 0.03203125 0.043055555555555555
0 0.238671875 0.37222222222222223 0.02421875 0.027777777777777776
0 0.598046875 0.2965277777777778 0.01796875 0.02361111111111111
0 0.498046875 0.3034722222222222 0.01328125 0.015277777777777777
0 0.34609375 0.3548611111111111 0.021875 0.020833333333333332
0 0.6625 0.3326388888888889 0.0171875 0.02361111111111111
0 0.1484375 0.46041666666666664 0.0171875 0.034722222222222224
0 0.584375 0.3451388888888889 0.01875 0.020833333333333332
