0 0.817578125 0.3972222222222222 0.03515625 0.044444444444444446
0 0.861328125 0.40902777777777777 0.04296875 0.05138888888888889
0 0.778125 0.3659722222222222 0.034375 0.03194444444444444
0 0.6703125 0.5201388888888889 0.0421875 0.14305555555555555
0 0.464453125 0.4270833333333333 0.02578125 0.03194444444444444
0 0.664453125 0.39444444444444443 0.02578125 0.03611111111111111
0 0.430078125 0.3902777777777778 0.02578125 0.027777777777777776
0 0.51640625 0.3819444444444444 0.0171875 0.044444444444444446
0 0.174609375 0.48194444444444445 0.04140625 0.05277777777777778
0 0.65625 0.59375 0.0625 0.0375
