0 0.7640625 0.48055555555555557 0.0828125 0.05277777777777778
0 0.59765625 0.41875 0.0265625 0.04861111111111111
0 0.26328125 0.4284722222222222 0.0328125 0.06527777777777778
0 0.55234375 0.3298611111111111 0.0296875 0.029166666666666667
0 0.638671875 0.3173611111111111 0.02421875 0.029166666666666667
0 0.95625 0.3909722222222222 0.0328125 0.05694444444444444
0 0.52109375 0.32013888888888886 0.0140625 0.018055555555555554
0 0.906640625 0.7111111111111111 0.04609375 0.08888888888888889
0 0.85625 0.3111111111111111 0.0125 0.022222222222222223
0 0.903515625 0.3902777777777778 0.01953125 0.03611111111111111
0 0.93828125 0.4791666666666667 0.0546875 0.1111111111111111
0 0.6203125 0.93125 0.109375 0.07916666666666666
0 0.433984375 0.3034722222222222 0.00546875 0.006944444444444444
