0 0.919140625 0.38958333333333334 0.03984375 0.04027777777777778
0 0.6953125 0.36041666666666666 0.021875 0.029166666666666667
0 0.533203125 0.40208333333333335 0.01640625 0.043055555555555555
0 0.48515625 0.5236111111111111 0.08125 0.07777777777777778
0 0.1046875 0.45694444444444443 0.028125 0.03611111111111111
0 0.392578125 0.3875 0.02578125 0.022222222222222223
0 0.524609375 0.3659722222222222 0.01328125 0.015277777777777777
0 0.160546875 0.4666666666666667 0.02109375 0.025
0 0.188671875 0.45555555555555555 0.03515625 0.041666666666666664
0 0.46171875 0.37222222222222223 0.0125 0.013888888888888888
0 0.196875 0.43194444444444446 0.034375 0.030555555555555555
