0 0.243359375 0.575 0.08046875 0.08611111111111111
0 0.606640625 0.6020833333333333 0.10859375 0.11527777777777778
0 0.26171875 0.38263888888888886 0.0484375 0.04027777777777778
0 0.54765625 0.3659722222222222 0.040625 0.0375
0 0.198046875 0.33819444444444446 0.01796875 0.015277777777777777
0 0.42265625 0.41180555555555554 0.0578125 0.04583333333333333
0 0.4078125 0.3402777777777778 0.034375 0.03333333333333333
0 0.937890625 0.42777777777777776 0.03828125 0.06944444444444445
0 0.16875 0.7708333333333334 0.040625 0.08888888888888889
0 0.36953125 0.4111111111111111 0.034375 0.030555555555555555
0 0.60078125 0.29097222222222224 0.025 0.02361111111111111
0 0.453515625 0.2923611111111111 0.02421875 0.020833333333333332
0 0.62578125 0.3111111111111111 0.0203125 0.03611111111111111
0 0.2859375 0.32708333333333334 0.0171875 0.029166666666666667
0 0.3203125 0.5875 0.0234375 0.03611111111111111
0 0.69375 0.3145833333333333 0.015625 0.020833333333333332
0 0.2609375 0.4048611111111111 0.0203125 0.02361111111111111
0 0.453515625 0.32222222222222224 0.01796875 0.041666666666666664
0 0.47578125 0.3076388888888889 0.028125 0.020833333333333332
0 0.487109375 0.29375 0.01328125 0.015277777777777777
