0 0.751171875 0.4125 0.03984375 0.044444444444444446
0 0.27578125 0.3784722222222222 0.021875 0.0375
0 0.38828125 0.3333333333333333 0.0171875 0.025
0 0.368359375 0.3993055555555556 0.02578125 0.04861111111111111
0 0.141015625 0.37430555555555556 0.03046875 0.034722222222222224
0 0.4375 0.3875 0.021875 0.030555555555555555
0 0.0828125 0.3597222222222222 0.0078125 0.016666666666666666
0 0.118359375 0.3527777777777778 0.01953125 0.013888888888888888
0 0.40859375 0.30416666666666664 0.009375 0.013888888888888888
0 0.4953125 0.35833333333333334 0.01875 0.013888888888888888
0 0.519921875 0.35208333333333336 0.01640625 0.018055555555555554
0 0.4328125 0.31527777777777777 0.01875 0.027777777777777776
0 0.43828125 0.30277777777777776 0.021875 0.025
0 0.54609375 0.3611111111111111 0.0171875 0.016666666666666666
0 0.6015625 0.34097222222222223 0.025 0.029166666666666667
0 0.596875 0.3645833333333333 0.01875 0.020833333333333332
