0 0.89453125 0.6388888888888888 0.0859375 0.13333333333333333
0 0.41328125 0.8826388888888889 0.0953125 0.10694444444444444
0 0.703125 0.6680555555555555 0.084375 0.08333333333333333
0 0.670703125 0.5326388888888889 0.02109375 0.034722222222222224
0 0.107421875 0.5305555555555556 0.03046875 0.07777777777777778
0 0.355078125 0.3888888888888889 0.01796875 0.030555555555555555
0 0.61875 0.5277777777777778 0.01875 0.05555555555555555
0 0.137109375 0.5798611111111112 0.02734375 0.05138888888888889
0 0.266796875 0.40208333333333335 0.01171875 0.020833333333333332
0 0.419140625 0.4354166666666667 0.04921875 0.04583333333333333
0 0.373828125 0.3486111111111111 0.01953125 0.03611111111111111
0 0.473828125 0.36875 0.04609375 0.043055555555555555
0 0.5390625 0.5756944444444444 0.05625 0.04027777777777778
0 0.51015625 0.6041666666666666 0.053125 0.05555555555555555
0 0.4421875 0.5152777777777777 0.0765625 0.07777777777777778
0 0.40703125 0.5479166666666667 0.0375 0.043055555555555555
0 0.460546875 0.42569444444444443 0.03515625 0.034722222222222224
0 0.384765625 0.4215277777777778 0.03046875 0.02638888888888889
