0 0.524609375 0.3277777777777778 0.03828125 0.03333333333333333
0 0.216796875 0.36875 0.01484375 0.04027777777777778
0 0.458984375 0.2951388888888889 0.01484375 0.015277777777777777
0 0.95625 0.3590277777777778 0.0421875 0.043055555555555555
0 0.937890625 0.43472222222222223 0.02734375 0.044444444444444446
0 0.083203125 0.3729166666666667 0.01171875 0.029166666666666667
0 0.11484375 0.35208333333333336 0.009375 0.0125
0 0.437109375 0.3090277777777778 0.01171875 0.009722222222222222
0 0.97265625 0.4215277777777778 0.0421875 0.07083333333333333
0 0.894921875 0.7118055555555556 0.05703125 0.08194444444444444
0 0.964453125 0.7048611111111112 0.06015625 0.09305555555555556
