0 0.363671875 0.4270833333333333 0.01953125 0.04861111111111111
0 0.180078125 0.4486111111111111 0.02265625 0.019444444444444445
0 0.208203125 0.42986111111111114 0.01640625 0.018055555555555554
0 0.13671875 0.5284722222222222 0.0296875 0.04027777777777778
0 0.211328125 0.49722222222222223 0.01484375 0.030555555555555555
0 0.23359375 0.5013888888888889 0.0296875 0.022222222222222223
0 0.24140625 0.4548611111111111 0.0328125 0.02638888888888889
0 0.219140625 0.5819444444444445 0.02734375 0.08055555555555556
0 0.241015625 0.5909722222222222 0.02109375 0.06527777777777778
0 0.64296875 0.38055555555555554 0.009375 0.011111111111111112
0 0.635546875 0.38472222222222224 0.01015625 0.013888888888888888
