0 0.4921875 0.5771428571428572 0.03125 0.02857142857142857
0 0.315625 0.5735714285714286 0.025 0.032857142857142856
0 0.623046875 0.555 0.01796875 0.027142857142857142
0 0.384375 0.5335714285714286 0.0125 0.018571428571428572
0 0.375 0.5528571428571428 0.021875 0.022857142857142857
0 0.4609375 0.5307142857142857 0.0171875 0.02142857142857143
0 0.53515625 0.49785714285714283 0.0078125 0.012857142857142857
0 0.5046875 0.5414285714285715 0.01875 0.025714285714285714
0 0.56484375 0.48214285714285715 0.0109375 0.01
0 0.5796875 0.4807142857142857 0.0078125 0.012857142857142857
0 0.545703125 0.55 0.01484375 0.02857142857142857
0 0.184765625 0.5028571428571429 0.00859375 0.011428571428571429
0 0.45234375 0.5185714285714286 0.009375 0.022857142857142857
0 0.56796875 0.4764285714285714 0.00625 0.01
0 0.56796875 0.4692857142857143 0.0078125 0.007142857142857143
