0 0.840234375 0.26875 0.02734375 0.05416666666666667
0 0.67890625 0.30486111111111114 0.0484375 0.04861111111111111
0 0.5140625 0.3472222222222222 0.0375 0.05
0 0.41875 0.36041666666666666 0.021875 0.0375
0 0.61171875 0.30625 0.0171875 0.02361111111111111
0 0.36875 0.3645833333333333 0.0140625 0.03194444444444444
0 0.4484375 0.42291666666666666 0.0421875 0.043055555555555555
0 0.13046875 0.49583333333333335 0.0265625 0.04722222222222222
0 0.348828125 0.4048611111111111 0.02578125 0.02361111111111111
0 0.1515625 0.47152777777777777 0.0265625 0.02638888888888889
0 0.6515625 0.2965277777777778 0.0171875 0.020833333333333332
