0 0.4296875 0.48125 0.046875 0.07083333333333333
0 0.5765625 0.5673611111111111 0.096875 0.10972222222222222
0 0.15625 0.3902777777777778 0.034375 0.05
0 0.19921875 0.33958333333333335 0.0109375 0.020833333333333332
0 0.544921875 0.32430555555555557 0.02265625 0.02638888888888889
0 0.27734375 0.32013888888888886 0.0078125 0.009722222222222222
0 0.2859375 0.33055555555555555 0.0140625 0.030555555555555555
0 0.351171875 0.3229166666666667 0.02265625 0.034722222222222224
0 0.448828125 0.2875 0.01484375 0.013888888888888888
0 0.50625 0.2763888888888889 0.0234375 0.019444444444444445
