0 0.926953125 0.36041666666666666 0.03984375 0.02638888888888889
0 0.452734375 0.3951388888888889 0.03203125 0.0375
0 0.218359375 0.43819444444444444 0.01953125 0.02361111111111111
0 0.268359375 0.4131944444444444 0.02578125 0.02638888888888889
0 0.321484375 0.3972222222222222 0.01328125 0.013888888888888888
0 0.221875 0.47152777777777777 0.0171875 0.02638888888888889
0 0.2859375 0.5715277777777777 0.0375 0.0625
0 0.253125 0.5916666666666667 0.04375 0.08333333333333333
0 0.20703125 0.5722222222222222 0.03125 0.06388888888888888
0 0.558984375 0.35555555555555557 0.01171875 0.013888888888888888
0 0.567578125 0.3548611111111111 0.01015625 0.0125
0 0.8078125 0.3611111111111111 0.025 0.03333333333333333
0 0.825 0.37777777777777777 0.021875 0.03611111111111111
