0 0.898828125 0.4111111111111111 0.05234375 0.05277777777777778
0 0.83515625 0.36527777777777776 0.021875 0.03333333333333333
0 0.437109375 0.4125 0.03671875 0.03611111111111111
0 0.28125 0.4409722222222222 0.0203125 0.043055555555555555
0 0.6609375 0.3548611111111111 0.021875 0.02361111111111111
0 0.468359375 0.36944444444444446 0.01953125 0.013888888888888888
0 0.56796875 0.5319444444444444 0.09375 0.09166666666666666
0 0.83046875 0.5 0.0390625 0.12777777777777777
0 0.254296875 0.5715277777777777 0.04921875 0.04583333333333333
0 0.24609375 0.59375 0.0265625 0.0625
0 0.880078125 0.4125 0.02265625 0.025
