0 0.875390625 0.3388888888888889 0.04296875 0.03611111111111111
0 0.471875 0.38819444444444445 0.0515625 0.043055555555555555
0 0.469921875 0.3375 0.03515625 0.041666666666666664
0 0.547265625 0.4340277777777778 0.07109375 0.0763888888888889
0 0.666015625 0.3548611111111111 0.02265625 0.020833333333333332
0 0.598046875 0.28958333333333336 0.01953125 0.018055555555555554
0 0.54453125 0.3402777777777778 0.0140625 0.016666666666666666
0 0.578125 0.34444444444444444 0.01875 0.019444444444444445
0 0.497265625 0.44513888888888886 0.02265625 0.02638888888888889
0 0.45390625 0.45555555555555555 0.01875 0.03611111111111111
0 0.519921875 0.33819444444444446 0.01328125 0.015277777777777777
0 0.5203125 0.35625 0.0171875 0.020833333333333332
0 0.478515625 0.3506944444444444 0.02109375 0.02638888888888889
0 0.8734375 0.4951388888888889 0.0484375 0.05138888888888889
0 0.828515625 0.38958333333333334 0.02421875 0.02638888888888889
0 0.885546875 0.37569444444444444 0.03046875 0.0375
0 0.80625 0.32222222222222224 0.021875 0.030555555555555555
0 0.74453125 0.2923611111111111 0.0265625 0.02361111111111111
0 0.733203125 0.3 0.01484375 0.013888888888888888
0 0.755859375 0.3159722222222222 0.01171875 0.020833333333333332
0 0.7796875 0.3111111111111111 0.01875 0.025
0 0.76796875 0.32430555555555557 0.021875 0.02361111111111111
