0 0.75625 0.3576388888888889 0.03125 0.03194444444444444
0 0.812890625 0.43819444444444444 0.03359375 0.05694444444444444
0 0.840625 0.37222222222222223 0.034375 0.03333333333333333
0 0.54765625 0.36041666666666666 0.01875 0.015277777777777777
0 0.169140625 0.4465277777777778 0.02890625 0.02361111111111111
0 0.3328125 0.4166666666666667 0.0171875 0.03333333333333333
0 0.189453125 0.5284722222222222 0.03359375 0.07361111111111111
0 0.415625 0.41180555555555554 0.0140625 0.015277777777777777
0 0.43125 0.4013888888888889 0.021875 0.030555555555555555
0 0.814453125 0.3763888888888889 0.01953125 0.027777777777777776
0 0.832421875 0.5861111111111111 0.02578125 0.03888888888888889
