0 0.1703125 0.6763888888888889 0.0515625 0.1
0 0.47109375 0.5305555555555556 0.053125 0.15833333333333333
0 0.533203125 0.36180555555555555 0.03515625 0.03194444444444444
0 0.488671875 0.3326388888888889 0.02421875 0.029166666666666667
0 0.214453125 0.525 0.03046875 0.041666666666666664
0 0.357421875 0.40347222222222223 0.01796875 0.043055555555555555
0 0.521875 0.3138888888888889 0.0296875 0.025
0 0.09375 0.8715277777777778 0.06875 0.1763888888888889
0 0.320703125 0.40625 0.01171875 0.015277777777777777
0 0.31328125 0.41875 0.0140625 0.018055555555555554
0 0.30859375 0.4013888888888889 0.0125 0.019444444444444445
0 0.2984375 0.4173611111111111 0.015625 0.029166666666666667
0 0.472265625 0.3263888888888889 0.01328125 0.019444444444444445
0 0.6421875 0.2777777777777778 0.021875 0.025
0 0.630078125 0.28055555555555556 0.00859375 0.013888888888888888
0 0.617578125 0.2833333333333333 0.01484375 0.016666666666666666
