0 0.5265625 0.33055555555555555 0.0328125 0.03333333333333333
0 0.931640625 0.44583333333333336 0.04453125 0.05
0 0.594921875 0.3527777777777778 0.03515625 0.03888888888888889
0 0.208203125 0.4083333333333333 0.01953125 0.05277777777777778
0 0.570703125 0.29791666666666666 0.02265625 0.02361111111111111
0 0.474609375 0.34444444444444444 0.01953125 0.019444444444444445
0 0.123828125 0.35347222222222224 0.02734375 0.018055555555555554
0 0.34609375 0.31666666666666665 0.0125 0.019444444444444445
0 0.616015625 0.28958333333333336 0.01953125 0.02638888888888889
0 0.621875 0.3055555555555556 0.0234375 0.03333333333333333
0 0.47265625 0.3861111111111111 0.0359375 0.03333333333333333
