0 0.36640625 0.6128571428571429 0.0421875 0.04
0 0.48984375 0.5607142857142857 0.0296875 0.03
0 0.63828125 0.5264285714285715 0.0234375 0.02142857142857143
0 0.25390625 0.5592857142857143 0.015625 0.024285714285714285
0 0.038671875 0.7114285714285714 0.02890625 0.07428571428571429
0 0.540234375 0.4807142857142857 0.00546875 0.01
0 0.2078125 0.49357142857142855 0.0125 0.012857142857142857
0 0.621875 0.4735714285714286 0.009375 0.01
0 0.14453125 0.6292857142857143 0.0484375 0.032857142857142856
0 0.51015625 0.485 0.00625 0.012857142857142857
0 0.5765625 0.47285714285714286 0.009375 0.008571428571428572
0 0.571875 0.47928571428571426 0.00625 0.01
0 0.045703125 0.5278571428571428 0.00859375 0.015714285714285715
