0 0.16875 0.38472222222222224 0.0265625 0.03888888888888889
0 0.30859375 0.3215277777777778 0.0140625 0.02638888888888889
0 0.115625 0.4027777777777778 0.0125 0.016666666666666666
0 0.38359375 0.29583333333333334 0.00625 0.011111111111111112
0 0.445703125 0.2847222222222222 0.01484375 0.011111111111111112
0 0.462890625 0.2986111111111111 0.01953125 0.019444444444444445
0 0.7046875 0.3347222222222222 0.0234375 0.025
0 0.812890625 0.3284722222222222 0.04140625 0.034722222222222224
0 0.83359375 0.3159722222222222 0.021875 0.02361111111111111
0 0.9625 0.37777777777777777 0.021875 0.05555555555555555
