0 0.370703125 0.3993055555555556 0.05859375 0.04861111111111111
0 0.175 0.4888888888888889 0.0390625 0.05277777777777778
0 0.239453125 0.3729166666666667 0.02421875 0.03194444444444444
0 0.23828125 0.4930555555555556 0.0203125 0.04722222222222222
0 0.585546875 0.3298611111111111 0.01640625 0.018055555555555554
0 0.348046875 0.35138888888888886 0.02265625 0.027777777777777776
0 0.597265625 0.2986111111111111 0.02109375 0.022222222222222223
0 0.6640625 0.33194444444444443 0.0125 0.027777777777777776
0 0.584375 0.34930555555555554 0.021875 0.02361111111111111
0 0.478125 0.30625 0.0109375 0.0125
0 0.273046875 0.37916666666666665 0.01640625 0.027777777777777776
