0 0.901953125 0.6083333333333333 0.08515625 0.20833333333333334
0 0.66640625 0.3458333333333333 0.0640625 0.05277777777777778
0 0.424609375 0.4131944444444444 0.03203125 0.07361111111111111
0 0.73203125 0.5006944444444444 0.1109375 0.10694444444444444
0 0.228125 0.5763888888888888 0.096875 0.09444444444444444
0 0.48203125 0.49236111111111114 0.059375 0.06527777777777778
0 0.9796875 0.3402777777777778 0.028125 0.03888888888888889
0 0.282421875 0.425 0.01484375 0.030555555555555555
0 0.29453125 0.4284722222222222 0.01875 0.043055555555555555
0 0.31328125 0.40902777777777777 0.0140625 0.018055555555555554
