0 0.254296875 0.575 0.09765625 0.13055555555555556
0 0.451953125 0.5604166666666667 0.05546875 0.04583333333333333
0 0.366796875 0.4215277777777778 0.02734375 0.04027777777777778
0 0.27265625 0.425 0.0234375 0.03611111111111111
0 0.689453125 0.36041666666666666 0.02578125 0.029166666666666667
0 0.366015625 0.4444444444444444 0.01484375 0.016666666666666666
0 0.37578125 0.5902777777777778 0.0546875 0.05555555555555555
0 0.363671875 0.6451388888888889 0.04609375 0.0625
0 0.310546875 0.6284722222222222 0.06015625 0.06805555555555555
0 0.271484375 0.6118055555555556 0.04609375 0.06527777777777778
0 0.55625 0.5416666666666666 0.034375 0.03333333333333333
