0 0.44140625 0.5270833333333333 0.0828125 0.0875
0 0.13828125 0.5756944444444444 0.0234375 0.059722222222222225
0 0.618359375 0.5270833333333333 0.01953125 0.05138888888888889
0 0.416015625 0.43819444444444444 0.05703125 0.0625
0 0.4703125 0.37569444444444444 0.0484375 0.043055555555555555
0 0.355078125 0.3909722222222222 0.01953125 0.04583333333333333
0 0.66953125 0.5319444444444444 0.0203125 0.03333333333333333
0 0.7015625 0.6729166666666667 0.0859375 0.09027777777777778
0 0.8984375 0.6284722222222222 0.1 0.13472222222222222
0 0.108203125 0.5347222222222222 0.02890625 0.07222222222222222
0 0.2671875 0.40555555555555556 0.0125 0.025
0 0.386328125 0.4201388888888889 0.02578125 0.02638888888888889
0 0.3734375 0.35347222222222224 0.01875 0.043055555555555555
0 0.46171875 0.43194444444444446 0.0296875 0.05555555555555555
0 0.4 0.55 0.0328125 0.03888888888888889
0 0.540234375 0.5819444444444445 0.05859375 0.05
0 0.50625 0.60625 0.04375 0.05138888888888889
