0 0.46640625 0.3548611111111111 0.0390625 0.02638888888888889
0 0.296484375 0.36319444444444443 0.03203125 0.02638888888888889
0 0.665234375 0.39166666666666666 0.02421875 0.041666666666666664
0 0.5078125 0.3548611111111111 0.015625 0.018055555555555554
0 0.696484375 0.50625 0.03984375 0.10138888888888889
0 0.5484375 0.2847222222222222 0.0078125 0.016666666666666666
0 0.576171875 0.2875 0.00859375 0.019444444444444445
0 0.5984375 0.36666666666666664 0.009375 0.030555555555555555
0 0.674609375 0.3215277777777778 0.02265625 0.029166666666666667
0 0.685546875 0.3527777777777778 0.03046875 0.03333333333333333
0 0.796875 0.4041666666666667 0.0140625 0.022222222222222223
0 0.730859375 0.3819444444444444 0.01484375 0.013888888888888888
0 0.700390625 0.3993055555555556 0.01953125 0.02361111111111111
0 0.712890625 0.3902777777777778 0.01953125 0.027777777777777776
