0 0.395703125 0.3 0.01953125 0.022222222222222223
0 0.5921875 0.3055555555555556 0.0265625 0.030555555555555555
0 0.76953125 0.41388888888888886 0.0421875 0.04722222222222222
0 0.134375 0.4048611111111111 0.0421875 0.04583333333333333
0 0.521484375 0.30972222222222223 0.01484375 0.027777777777777776
0 0.29375 0.3458333333333333 0.015625 0.027777777777777776
0 0.492578125 0.29930555555555555 0.00546875 0.015277777777777777
0 0.4578125 0.33611111111111114 0.0375 0.03611111111111111
0 0.44609375 0.31527777777777777 0.0234375 0.022222222222222223
0 0.503125 0.30277777777777776 0.00625 0.016666666666666666
0 0.553125 0.30416666666666664 0.0078125 0.013888888888888888
0 0.573046875 0.30277777777777776 0.01015625 0.013888888888888888
