0 0.599609375 0.42569444444444443 0.04921875 0.05138888888888889
0 0.64453125 0.31805555555555554 0.0359375 0.030555555555555555
0 0.9203125 0.49236111111111114 0.034375 0.10416666666666667
0 0.3015625 0.47430555555555554 0.0765625 0.07361111111111111
0 0.5578125 0.32916666666666666 0.0328125 0.022222222222222223
0 0.850390625 0.3090277777777778 0.01171875 0.015277777777777777
0 0.751171875 0.475 0.05859375 0.06944444444444445
0 0.955859375 0.3888888888888889 0.03203125 0.05277777777777778
0 0.899609375 0.6756944444444445 0.04609375 0.10972222222222222
0 0.521875 0.32083333333333336 0.0140625 0.013888888888888888
0 0.90546875 0.3888888888888889 0.0203125 0.025
