0 0.7375 0.425 0.053125 0.04722222222222222
0 0.533203125 0.51875 0.03359375 0.04861111111111111
0 0.5875 0.5013888888888889 0.0296875 0.044444444444444446
0 0.818359375 0.35694444444444445 0.03359375 0.027777777777777776
0 0.61015625 0.38055555555555554 0.034375 0.044444444444444446
0 0.2953125 0.4444444444444444 0.046875 0.041666666666666664
0 0.28828125 0.41180555555555554 0.0296875 0.02638888888888889
0 0.43828125 0.38055555555555554 0.0171875 0.025
0 0.177734375 0.4479166666666667 0.01171875 0.015277777777777777
0 0.2609375 0.4097222222222222 0.01875 0.011111111111111112
0 0.51796875 0.36319444444444443 0.0140625 0.018055555555555554
0 0.5984375 0.35694444444444445 0.021875 0.022222222222222223
0 0.79765625 0.3840277777777778 0.0359375 0.04027777777777778
