0 0.854296875 0.38819444444444445 0.05234375 0.043055555555555555
0 0.676953125 0.45208333333333334 0.06796875 0.05138888888888889
0 0.807421875 0.40208333333333335 0.02421875 0.059722222222222225
0 0.6234375 0.35555555555555557 0.0109375 0.016666666666666666
0 0.67734375 0.33958333333333335 0.0265625 0.029166666666666667
0 0.75546875 0.36180555555555555 0.0234375 0.02361111111111111
0 0.906640625 0.4013888888888889 0.03046875 0.030555555555555555
0 0.85078125 0.43472222222222223 0.0234375 0.04722222222222222
0 0.6703125 0.40694444444444444 0.0390625 0.044444444444444446
0 0.707421875 0.3576388888888889 0.02421875 0.02361111111111111
0 0.771484375 0.44722222222222224 0.01171875 0.025
0 0.7859375 0.45625 0.01875 0.029166666666666667
