0 0.74609375 0.45 0.05625 0.08055555555555556
0 0.391796875 0.4125 0.03828125 0.03333333333333333
0 0.449609375 0.3736111111111111 0.01640625 0.013888888888888888
0 0.108203125 0.4548611111111111 0.01640625 0.018055555555555554
0 0.187109375 0.42986111111111114 0.01484375 0.015277777777777777
0 0.240234375 0.5958333333333333 0.05390625 0.06111111111111111
0 0.447265625 0.6791666666666667 0.02890625 0.041666666666666664
0 0.240625 0.42083333333333334 0.00625 0.008333333333333333
0 0.246484375 0.4131944444444444 0.01484375 0.0125
0 0.523828125 0.41805555555555557 0.02421875 0.03888888888888889
0 0.521875 0.3923611111111111 0.021875 0.029166666666666667
0 0.63125 0.35347222222222224 0.01875 0.015277777777777777
0 0.83046875 0.5555555555555556 0.065625 0.10277777777777777
