0 0.50234375 0.3902777777777778 0.03125 0.03888888888888889
0 0.2765625 0.5666666666666667 0.046875 0.10277777777777777
0 0.611328125 0.3701388888888889 0.01484375 0.02638888888888889
0 0.18203125 0.5361111111111111 0.04375 0.04722222222222222
0 0.165625 0.4263888888888889 0.0140625 0.016666666666666666
0 0.576171875 0.3784722222222222 0.01015625 0.018055555555555554
0 0.2046875 0.42083333333333334 0.021875 0.022222222222222223
0 0.280078125 0.4083333333333333 0.01640625 0.013888888888888888
0 0.472265625 0.37569444444444444 0.00546875 0.009722222222222222
0 0.455859375 0.3784722222222222 0.02734375 0.02638888888888889
0 0.46484375 0.36944444444444446 0.0078125 0.013888888888888888
0 0.6359375 0.3861111111111111 0.0109375 0.016666666666666666
0 0.205859375 0.5673611111111111 0.05546875 0.07083333333333333
0 0.22109375 0.5895833333333333 0.046875 0.09027777777777778
0 0.24453125 0.59375 0.034375 0.07083333333333333
0 0.24609375 0.5354166666666667 0.0234375 0.05138888888888889
