0 0.369140625 0.4152777777777778 0.03515625 0.03333333333333333
0 0.54765625 0.4013888888888889 0.0203125 0.022222222222222223
0 0.62578125 0.3854166666666667 0.0296875 0.034722222222222224
0 0.24765625 0.56875 0.084375 0.11527777777777778
0 0.726171875 0.3527777777777778 0.02109375 0.019444444444444445
0 0.262109375 0.4423611111111111 0.01171875 0.020833333333333332
0 0.16953125 0.44375 0.03125 0.03194444444444444
0 0.139453125 0.4409722222222222 0.01953125 0.02361111111111111
0 0.694921875 0.35833333333333334 0.01796875 0.016666666666666666
0 0.259765625 0.41041666666666665 0.01796875 0.0125
0 0.359375 0.43194444444444446 0.025 0.03333333333333333
0 0.3484375 0.5944444444444444 0.0359375 0.044444444444444446
0 0.299609375 0.6097222222222223 0.02421875 0.05
0 0.32578125 0.6326388888888889 0.04375 0.06527777777777778
0 0.36328125 0.6263888888888889 0.0484375 0.05
