0 0.569140625 0.5585714285714286 0.02421875 0.02857142857142857
0 0.484375 0.5392857142857143 0.0171875 0.032857142857142856
0 0.5078125 0.5064285714285715 0.0125 0.012857142857142857
0 0.553515625 0.4807142857142857 0.00859375 0.01
0 0.456640625 0.5221428571428571 0.01328125 0.018571428571428572
0 0.381640625 0.5335714285714286 0.01171875 0.018571428571428572
0 0.4453125 0.5378571428571428 0.01875 0.015714285714285715
0 0.464453125 0.5714285714285714 0.01328125 0.02857142857142857
0 0.590625 0.4735714285714286 0.00625 0.01
0 0.41328125 0.5507142857142857 0.0109375 0.01
0 0.3703125 0.5514285714285714 0.009375 0.02
0 0.565234375 0.47214285714285714 0.00546875 0.007142857142857143
0 0.56953125 0.48 0.00625 0.011428571428571429
0 0.57265625 0.47714285714285715 0.00625 0.008571428571428572
0 0.801953125 0.4664285714285714 0.00390625 0.007142857142857143
