0 0.3609375 0.4048611111111111 0.040625 0.04861111111111111
0 0.398046875 0.4215277777777778 0.03203125 0.034722222222222224
0 0.948828125 0.18958333333333333 0.02265625 0.029166666666666667
0 0.7078125 0.2923611111111111 0.0296875 0.034722222222222224
0 0.049609375 0.5506944444444445 0.01640625 0.02638888888888889
0 0.04765625 0.575 0.0140625 0.030555555555555555
0 0.1796875 0.4666666666666667 0.0171875 0.03333333333333333
0 0.306640625 0.39166666666666666 0.02265625 0.041666666666666664
0 0.326953125 0.38472222222222224 0.01796875 0.025
0 0.316796875 0.4076388888888889 0.02578125 0.02361111111111111
0 0.321484375 0.37777777777777777 0.00703125 0.011111111111111112
0 0.339453125 0.3888888888888889 0.00546875 0.008333333333333333
