0 0.57265625 0.4895833333333333 0.0671875 0.07361111111111111
0 0.45703125 0.41875 0.04375 0.03194444444444444
0 0.173046875 0.43680555555555556 0.03203125 0.034722222222222224
0 0.3578125 0.4354166666666667 0.0171875 0.043055555555555555
0 0.219921875 0.5777777777777777 0.03984375 0.07222222222222222
0 0.233984375 0.6027777777777777 0.02265625 0.058333333333333334
0 0.2578125 0.6020833333333333 0.0296875 0.05694444444444444
0 0.3703125 0.6118055555555556 0.04375 0.05694444444444444
0 0.34375 0.6208333333333333 0.040625 0.07222222222222222
0 0.312890625 0.6277777777777778 0.01640625 0.08333333333333333
0 0.32421875 0.5895833333333333 0.05 0.04027777777777778
