0 0.54296875 0.6027777777777777 0.0421875 0.03888888888888889
0 0.580078125 0.5868055555555556 0.03359375 0.034722222222222224
0 0.59765625 0.5506944444444445 0.0265625 0.03194444444444444
0 0.769140625 0.5777777777777777 0.01484375 0.04722222222222222
0 0.634375 0.6201388888888889 0.0234375 0.05694444444444444
0 0.7078125 0.5902777777777778 0.0140625 0.058333333333333334
0 0.7578125 0.4930555555555556 0.009375 0.016666666666666666
0 0.6234375 0.6048611111111111 0.021875 0.02638888888888889
0 0.72265625 0.6 0.0234375 0.044444444444444446
0 0.778125 0.5180555555555556 0.0078125 0.019444444444444445
0 0.74921875 0.4798611111111111 0.0078125 0.0125
0 0.576171875 0.6298611111111111 0.02734375 0.043055555555555555
0 0.732421875 0.4798611111111111 0.00703125 0.0125
