0 0.776953125 0.3909722222222222 0.04921875 0.04861111111111111
0 0.731640625 0.4041666666666667 0.01640625 0.019444444444444445
0 0.440234375 0.48194444444444445 0.02734375 0.06666666666666667
0 0.23046875 0.43125 0.0125 0.03194444444444444
0 0.576953125 0.37430555555555556 0.01484375 0.03194444444444444
0 0.39921875 0.40694444444444444 0.01875 0.019444444444444445
0 0.215234375 0.4409722222222222 0.00859375 0.015277777777777777
0 0.225 0.44166666666666665 0.0078125 0.016666666666666666
0 0.25234375 0.5631944444444444 0.028125 0.03194444444444444
0 0.27734375 0.5875 0.0390625 0.041666666666666664
0 0.24765625 0.5923611111111111 0.0234375 0.05694444444444444
0 0.884375 0.3763888888888889 0.0328125 0.041666666666666664
0 0.83671875 0.4083333333333333 0.021875 0.030555555555555555
0 0.873046875 0.42430555555555555 0.02578125 0.02638888888888889
0 0.86484375 0.40555555555555556 0.0421875 0.04722222222222222
