0 0.235546875 0.6097222222222223 0.06015625 0.07777777777777778
0 0.364453125 0.4895833333333333 0.04296875 0.06527777777777778
0 0.1171875 0.5527777777777778 0.046875 0.044444444444444446
0 0.807421875 0.41388888888888886 0.05390625 0.04722222222222222
0 0.11328125 0.49722222222222223 0.0203125 0.044444444444444446
0 0.575 0.48055555555555557 0.028125 0.030555555555555555
0 0.609765625 0.4701388888888889 0.01171875 0.02638888888888889
0 0.46796875 0.7534722222222222 0.0453125 0.13194444444444445
0 0.5890625 0.38819444444444445 0.009375 0.015277777777777777
0 0.18828125 0.5409722222222222 0.04375 0.0375
0 0.528515625 0.3798611111111111 0.00546875 0.006944444444444444
0 0.80546875 0.42569444444444443 0.01875 0.02361111111111111
