0 0.609375 0.4979166666666667 0.0484375 0.09027777777777778
0 0.8015625 0.3541666666666667 0.0375 0.030555555555555555
0 0.334375 0.4756944444444444 0.0296875 0.07361111111111111
0 0.24765625 0.43680555555555556 0.0375 0.0375
0 0.207421875 0.44722222222222224 0.01640625 0.022222222222222223
0 0.7046875 0.5027777777777778 0.034375 0.03333333333333333
0 0.27734375 0.5819444444444445 0.028125 0.06666666666666667
0 0.253515625 0.5833333333333334 0.04921875 0.075
0 0.460546875 0.37916666666666665 0.03046875 0.025
0 0.55703125 0.375 0.021875 0.016666666666666666
0 0.460546875 0.39861111111111114 0.02109375 0.03333333333333333
