0 0.459375 0.3298611111111111 0.0296875 0.02638888888888889
0 0.101953125 0.5756944444444444 0.04609375 0.07361111111111111
0 0.655859375 0.4305555555555556 0.09609375 0.07777777777777778
0 0.403515625 0.6125 0.07578125 0.18055555555555555
0 0.340234375 0.3875 0.02265625 0.03611111111111111
0 0.64921875 0.29444444444444445 0.0140625 0.030555555555555555
0 0.763671875 0.3326388888888889 0.03671875 0.04027777777777778
0 0.492578125 0.30694444444444446 0.02265625 0.025
0 0.778125 0.26944444444444443 0.01875 0.030555555555555555
0 0.581640625 0.29791666666666666 0.01640625 0.020833333333333332
0 0.16640625 0.47430555555555554 0.015625 0.02638888888888889
0 0.258984375 0.42083333333333334 0.01953125 0.025
