0 0.55703125 0.66875 0.1515625 0.1763888888888889
0 0.316796875 0.48125 0.02578125 0.04027777777777778
0 0.61875 0.42916666666666664 0.0390625 0.05
0 0.273828125 0.7277777777777777 0.05859375 0.11388888888888889
0 0.434765625 0.5965277777777778 0.03515625 0.06805555555555555
0 0.258984375 0.6145833333333334 0.04140625 0.0875
0 0.56796875 0.37777777777777777 0.0171875 0.016666666666666666
0 0.558984375 0.4479166666666667 0.01796875 0.029166666666666667
0 0.592578125 0.4340277777777778 0.01640625 0.029166666666666667
0 0.594140625 0.3861111111111111 0.01171875 0.013888888888888888
0 0.552734375 0.38263888888888886 0.01484375 0.015277777777777777
0 0.50390625 0.44930555555555557 0.01875 0.029166666666666667
0 0.466796875 0.4048611111111111 0.01640625 0.020833333333333332
0 0.41328125 0.44027777777777777 0.0296875 0.016666666666666666
0 0.410546875 0.4111111111111111 0.00546875 0.011111111111111112
0 0.397265625 0.4152777777777778 0.01484375 0.016666666666666666
