0 0.14921875 0.5657142857142857 0.028125 0.022857142857142857
0 0.16953125 0.5378571428571428 0.0171875 0.024285714285714285
0 0.596484375 0.5814285714285714 0.02890625 0.03142857142857143
0 0.370703125 0.5478571428571428 0.02265625 0.02142857142857143
0 0.48828125 0.5471428571428572 0.0203125 0.025714285714285714
0 0.086328125 0.5642857142857143 0.03203125 0.02
0 0.484375 0.4907142857142857 0.00625 0.018571428571428572
0 0.555859375 0.475 0.01015625 0.01
0 0.6296875 0.4707142857142857 0.0078125 0.01
0 0.7015625 0.47785714285714287 0.0125 0.01
0 0.15546875 0.49357142857142855 0.0109375 0.01
0 0.871484375 0.47285714285714286 0.00546875 0.011428571428571429
