0 0.237890625 0.5722222222222222 0.06171875 0.10277777777777777
0 0.443359375 0.6326388888888889 0.07265625 0.0763888888888889
0 0.401171875 0.4048611111111111 0.01484375 0.020833333333333332
0 0.25546875 0.6020833333333333 0.0421875 0.05138888888888889
0 0.403515625 0.5944444444444444 0.04609375 0.041666666666666664
0 0.391015625 0.6277777777777778 0.04140625 0.05
0 0.32109375 0.5965277777777778 0.04375 0.04861111111111111
0 0.3125 0.6048611111111111 0.034375 0.12083333333333333
0 0.865234375 0.38263888888888886 0.02265625 0.05138888888888889
0 0.89140625 0.3840277777777778 0.015625 0.020833333333333332
