0 0.41640625 0.3416666666666667 0.025 0.03611111111111111
0 0.2390625 0.37916666666666665 0.025 0.025
0 0.27734375 0.3798611111111111 0.0125 0.02638888888888889
0 0.133203125 0.34791666666666665 0.01953125 0.0125
0 0.451953125 0.33819444444444446 0.02109375 0.018055555555555554
0 0.524609375 0.40208333333333335 0.01953125 0.020833333333333332
0 0.598046875 0.2986111111111111 0.01796875 0.022222222222222223
0 0.59609375 0.31527777777777777 0.0265625 0.03611111111111111
0 0.680078125 0.3854166666666667 0.01171875 0.02638888888888889
0 0.66796875 0.38958333333333334 0.0125 0.020833333333333332
