0 0.73984375 0.42430555555555555 0.028125 0.04583333333333333
0 0.628515625 0.36041666666666666 0.03203125 0.02361111111111111
0 0.531640625 0.40902777777777777 0.02421875 0.0375
0 0.804296875 0.38125 0.03515625 0.0375
0 0.626171875 0.3993055555555556 0.02890625 0.029166666666666667
0 0.397265625 0.5868055555555556 0.09921875 0.11805555555555555
0 0.543359375 0.3736111111111111 0.01484375 0.016666666666666666
0 0.266015625 0.41180555555555554 0.01328125 0.018055555555555554
0 0.252734375 0.5923611111111111 0.04609375 0.06527777777777778
0 0.119921875 0.4548611111111111 0.03203125 0.02361111111111111
