0 0.628515625 0.32222222222222224 0.03515625 0.03611111111111111
0 0.759375 0.29583333333333334 0.0265625 0.025
0 0.897265625 0.3173611111111111 0.03515625 0.029166666666666667
0 0.583203125 0.4527777777777778 0.04140625 0.03888888888888889
0 0.83984375 0.3888888888888889 0.0546875 0.04722222222222222
0 0.940234375 0.3333333333333333 0.03828125 0.03333333333333333
0 0.497265625 0.45 0.01953125 0.022222222222222223
0 0.781640625 0.38680555555555557 0.01484375 0.029166666666666667
0 0.804296875 0.33819444444444446 0.03984375 0.03194444444444444
0 0.821484375 0.3576388888888889 0.02109375 0.02361111111111111
0 0.825 0.32222222222222224 0.0375 0.03888888888888889
0 0.846875 0.3541666666666667 0.0140625 0.016666666666666666
0 0.85234375 0.3375 0.009375 0.016666666666666666
0 0.87578125 0.32708333333333334 0.0265625 0.018055555555555554
