0 0.91328125 0.25 0.046875 0.06111111111111111
0 0.76171875 0.24166666666666667 0.034375 0.044444444444444446
0 0.410546875 0.3993055555555556 0.02890625 0.029166666666666667
0 0.944921875 0.35625 0.02421875 0.06527777777777778
0 0.981640625 0.19375 0.01328125 0.02361111111111111
0 0.318359375 0.3861111111111111 0.02578125 0.03888888888888889
0 0.329296875 0.3611111111111111 0.01796875 0.027777777777777776
0 0.501171875 0.28958333333333336 0.01796875 0.02638888888888889
0 0.477734375 0.29791666666666666 0.02421875 0.02361111111111111
0 0.459765625 0.3145833333333333 0.01796875 0.02361111111111111
0 0.42734375 0.32569444444444445 0.0140625 0.018055555555555554
0 0.4375 0.31666666666666665 0.0171875 0.019444444444444445
0 0.41328125 0.3277777777777778 0.015625 0.025
0 0.3984375 0.3298611111111111 0.015625 0.02361111111111111
0 0.440625 0.32430555555555557 0.0109375 0.0125
0 0.350390625 0.34652777777777777 0.00859375 0.015277777777777777
