0 0.783984375 0.36041666666666666 0.03515625 0.03194444444444444
0 0.8578125 0.4444444444444444 0.06875 0.06111111111111111
0 0.175 0.5208333333333334 0.0421875 0.06944444444444445
0 0.43671875 0.4 0.0171875 0.016666666666666666
0 0.330078125 0.41597222222222224 0.01484375 0.03194444444444444
0 0.45546875 0.4013888888888889 0.0171875 0.030555555555555555
0 0.611328125 0.3541666666666667 0.01953125 0.016666666666666666
0 0.16953125 0.4479166666666667 0.0296875 0.02638888888888889
0 0.427734375 0.40694444444444444 0.00859375 0.016666666666666666
0 0.887109375 0.3819444444444444 0.01640625 0.019444444444444445
0 0.91015625 0.3729166666666667 0.0171875 0.0375
