0 0.2828125 0.41458333333333336 0.028125 0.043055555555555555
0 0.533984375 0.28194444444444444 0.01796875 0.025
0 0.484765625 0.35555555555555557 0.02265625 0.03888888888888889
0 0.155078125 0.4847222222222222 0.03046875 0.04722222222222222
0 0.35 0.375 0.0171875 0.03888888888888889
0 0.309375 0.39305555555555555 0.0234375 0.025
0 0.326953125 0.43333333333333335 0.02109375 0.03333333333333333
0 0.3328125 0.3736111111111111 0.009375 0.027777777777777776
0 0.322265625 0.3645833333333333 0.00703125 0.015277777777777777
0 0.311328125 0.3763888888888889 0.00859375 0.013888888888888888
0 0.296875 0.37430555555555556 0.009375 0.018055555555555554
0 0.275 0.40694444444444444 0.0125 0.013888888888888888
0 0.37578125 0.39166666666666666 0.0234375 0.05277777777777778
