0 0.494140625 0.3770833333333333 0.02578125 0.02638888888888889
0 0.38828125 0.38958333333333334 0.0203125 0.018055555555555554
0 0.165625 0.46805555555555556 0.0359375 0.030555555555555555
0 0.575 0.3576388888888889 0.0109375 0.009722222222222222
0 0.240625 0.5916666666666667 0.0390625 0.07222222222222222
0 0.174609375 0.42916666666666664 0.01328125 0.011111111111111112
0 0.09609375 0.4465277777777778 0.0078125 0.0125
0 0.46640625 0.4284722222222222 0.0109375 0.0125
0 0.4609375 0.4375 0.015625 0.016666666666666666
0 0.490234375 0.36736111111111114 0.02265625 0.015277777777777777
0 0.530078125 0.40902777777777777 0.02109375 0.04583333333333333
0 0.628125 0.3625 0.025 0.025
0 0.618359375 0.35347222222222224 0.01796875 0.015277777777777777
0 0.912109375 0.4548611111111111 0.01953125 0.04583333333333333
