0 0.8296875 0.4013888888888889 0.05 0.03888888888888889
0 0.70859375 0.5777777777777777 0.1265625 0.10833333333333334
0 0.559375 0.4111111111111111 0.0375 0.041666666666666664
0 0.517578125 0.44375 0.04921875 0.05138888888888889
0 0.669921875 0.40555555555555556 0.03203125 0.044444444444444446
0 0.162109375 0.4625 0.03671875 0.03888888888888889
0 0.7640625 0.3659722222222222 0.0359375 0.034722222222222224
0 0.621875 0.3763888888888889 0.01875 0.03333333333333333
0 0.37421875 0.39444444444444443 0.028125 0.025
0 0.304296875 0.43194444444444446 0.02890625 0.025
0 0.71015625 0.46041666666666664 0.01875 0.029166666666666667
0 0.246484375 0.5923611111111111 0.03828125 0.07361111111111111
0 0.341796875 0.3951388888888889 0.01171875 0.018055555555555554
0 0.221875 0.4798611111111111 0.0125 0.0125
0 0.25625 0.6145833333333334 0.021875 0.043055555555555555
0 0.73125 0.44513888888888886 0.0203125 0.018055555555555554
0 0.9546875 0.3819444444444444 0.0171875 0.030555555555555555
