0 0.650390625 0.4791666666666667 0.04140625 0.03333333333333333
0 0.291796875 0.5972222222222222 0.09765625 0.1111111111111111
0 0.33125 0.45208333333333334 0.05 0.05416666666666667
0 0.514453125 0.43333333333333335 0.02578125 0.025
0 0.875390625 0.38125 0.03203125 0.043055555555555555
0 0.205078125 0.5791666666666667 0.03359375 0.06666666666666667
0 0.45859375 0.43194444444444446 0.0203125 0.019444444444444445
0 0.384375 0.3909722222222222 0.015625 0.02361111111111111
0 0.63671875 0.3819444444444444 0.0171875 0.022222222222222223
0 0.344140625 0.4083333333333333 0.01171875 0.016666666666666666
0 0.2640625 0.4152777777777778 0.0203125 0.016666666666666666
0 0.235546875 0.5847222222222223 0.02109375 0.06111111111111111
0 0.80625 0.37916666666666665 0.0125 0.016666666666666666
0 0.819921875 0.3854166666666667 0.01640625 0.020833333333333332
0 0.83125 0.37916666666666665 0.015625 0.022222222222222223
0 0.82109375 0.4152777777777778 0.01875 0.027777777777777776
0 0.840625 0.4166666666666667 0.021875 0.027777777777777776
