0 0.49765625 0.3236111111111111 0.0359375 0.03888888888888889
0 0.353515625 0.36736111111111114 0.02109375 0.020833333333333332
0 0.569921875 0.39375 0.03203125 0.06805555555555555
0 0.33046875 0.37569444444444444 0.0109375 0.02638888888888889
0 0.294140625 0.4201388888888889 0.02265625 0.029166666666666667
0 0.399609375 0.3423611111111111 0.02578125 0.04027777777777778
0 0.582421875 0.3347222222222222 0.02421875 0.030555555555555555
0 0.43515625 0.3090277777777778 0.0234375 0.02361111111111111
0 0.8015625 0.2298611111111111 0.015625 0.015277777777777777
0 0.31875 0.3951388888888889 0.01875 0.02361111111111111
0 0.1375 0.4909722222222222 0.0265625 0.04027777777777778
0 0.4828125 0.2881944444444444 0.0203125 0.02638888888888889
0 0.49453125 0.29583333333333334 0.0109375 0.016666666666666666
