0 0.355078125 0.6671428571428571 0.02109375 0.08571428571428572
0 0.2609375 0.5478571428571428 0.0265625 0.024285714285714285
0 0.352734375 0.5335714285714286 0.01640625 0.015714285714285715
0 0.39765625 0.5164285714285715 0.009375 0.015714285714285715
0 0.6109375 0.4828571428571429 0.009375 0.008571428571428572
0 0.571484375 0.48642857142857143 0.01015625 0.01
0 0.29453125 0.5064285714285715 0.0171875 0.015714285714285715
0 0.4203125 0.5207142857142857 0.0125 0.015714285714285715
0 0.578515625 0.5328571428571428 0.01171875 0.02
0 0.43515625 0.5878571428571429 0.034375 0.03
0 0.520703125 0.5342857142857143 0.01171875 0.02857142857142857
0 0.587890625 0.6028571428571429 0.01484375 0.03142857142857143
0 0.353515625 0.6992857142857143 0.01171875 0.032857142857142856
0 0.49609375 0.5492857142857143 0.0078125 0.01
0 0.70078125 0.4664285714285714 0.00625 0.007142857142857143
0 0.85546875 0.4635714285714286 0.00625 0.007142857142857143
