0 0.8421875 0.3548611111111111 0.0234375 0.029166666666666667
0 0.726171875 0.38958333333333334 0.03984375 0.04861111111111111
0 0.880859375 0.3736111111111111 0.01640625 0.03333333333333333
0 0.512890625 0.4305555555555556 0.02421875 0.06111111111111111
0 0.426953125 0.3909722222222222 0.01796875 0.018055555555555554
0 0.606640625 0.36527777777777776 0.02109375 0.022222222222222223
0 0.679296875 0.3798611111111111 0.01640625 0.02361111111111111
0 0.166015625 0.4340277777777778 0.01640625 0.018055555555555554
0 0.703125 0.3798611111111111 0.0109375 0.0125
0 0.70859375 0.36527777777777776 0.0328125 0.027777777777777776
