0 0.46484375 0.29444444444444445 0.0203125 0.027777777777777776
0 0.937109375 0.46805555555555556 0.03359375 0.10277777777777777
0 0.580078125 0.31805555555555554 0.02109375 0.030555555555555555
0 0.815234375 0.3451388888888889 0.04453125 0.034722222222222224
0 0.7046875 0.47291666666666665 0.0796875 0.07083333333333333
0 0.918359375 0.37916666666666665 0.04453125 0.041666666666666664
0 0.8046875 0.3923611111111111 0.059375 0.0375
0 0.53046875 0.2986111111111111 0.028125 0.027777777777777776
0 0.537890625 0.31875 0.01484375 0.029166666666666667
0 0.828515625 0.3715277777777778 0.02890625 0.0375
