0 0.756640625 0.36319444444444443 0.04609375 0.04583333333333333
0 0.588671875 0.4048611111111111 0.06015625 0.043055555555555555
0 0.54453125 0.3333333333333333 0.0171875 0.025
0 0.6890625 0.38125 0.0484375 0.04583333333333333
0 0.790234375 0.41180555555555554 0.05546875 0.04583333333333333
0 0.85 0.3701388888888889 0.0203125 0.05694444444444444
0 0.683203125 0.325 0.02890625 0.05
0 0.501171875 0.3715277777777778 0.02734375 0.0375
0 0.93359375 0.33958333333333335 0.01875 0.043055555555555555
0 0.57734375 0.2965277777777778 0.015625 0.02638888888888889
0 0.8125 0.36041666666666666 0.0328125 0.06527777777777778
0 0.9640625 0.3527777777777778 0.0234375 0.03333333333333333
0 0.686328125 0.4013888888888889 0.01796875 0.03333333333333333
0 0.660546875 0.4027777777777778 0.01640625 0.03333333333333333
0 0.63203125 0.37916666666666665 0.01875 0.025
0 0.61875 0.3645833333333333 0.01875 0.034722222222222224
