0 0.530859375 0.44722222222222224 0.06640625 0.05555555555555555
0 0.6015625 0.42569444444444443 0.053125 0.05138888888888889
0 0.832421875 0.36666666666666664 0.02578125 0.027777777777777776
0 0.322265625 0.48194444444444445 0.05859375 0.09166666666666666
0 0.20390625 0.4236111111111111 0.0203125 0.019444444444444445
0 0.651171875 0.6 0.06015625 0.08055555555555556
0 0.270703125 0.5486111111111112 0.03515625 0.04722222222222222
0 0.236328125 0.4284722222222222 0.01484375 0.02638888888888889
0 0.202734375 0.5680555555555555 0.02578125 0.075
0 0.231640625 0.5951388888888889 0.02734375 0.07361111111111111
0 0.269921875 0.5916666666666667 0.05390625 0.06111111111111111
0 0.315234375 0.6194444444444445 0.06640625 0.075
0 0.32421875 0.6180555555555556 0.028125 0.09722222222222222
0 0.371875 0.6534722222222222 0.0625 0.10416666666666667
0 0.362109375 0.6194444444444445 0.04453125 0.03611111111111111
