0 0.39921875 0.48194444444444445 0.0734375 0.06111111111111111
0 0.873828125 0.5625 0.07890625 0.10277777777777777
0 0.790234375 0.40902777777777777 0.03828125 0.04027777777777778
0 0.687890625 0.29375 0.01796875 0.020833333333333332
0 0.54453125 0.30069444444444443 0.028125 0.018055555555555554
0 0.61015625 0.32569444444444445 0.0328125 0.02361111111111111
0 0.434765625 0.29583333333333334 0.02890625 0.025
0 0.6640625 0.3215277777777778 0.015625 0.018055555555555554
0 0.951171875 0.3958333333333333 0.03046875 0.03888888888888889
0 0.440625 0.34305555555555556 0.021875 0.019444444444444445
0 0.808203125 0.3451388888888889 0.01640625 0.0375
0 0.7875 0.3388888888888889 0.021875 0.025
