0 0.5 0.39791666666666664 0.0140625 0.04027777777777778
0 0.556640625 0.40694444444444444 0.03203125 0.05
0 0.314453125 0.4152777777777778 0.03046875 0.03611111111111111
0 0.66328125 0.35347222222222224 0.0125 0.02638888888888889
0 0.42890625 0.3888888888888889 0.025 0.025
0 0.3859375 0.39166666666666666 0.01875 0.027777777777777776
0 0.336328125 0.3958333333333333 0.01953125 0.019444444444444445
0 0.52109375 0.38958333333333334 0.028125 0.043055555555555555
0 0.52421875 0.3590277777777778 0.0140625 0.015277777777777777
0 0.540625 0.3701388888888889 0.0265625 0.029166666666666667
