0 0.956640625 0.5472222222222223 0.02265625 0.030555555555555555
0 0.53515625 0.5513888888888889 0.0265625 0.025
0 0.5609375 0.5513888888888889 0.0203125 0.027777777777777776
0 0.4671875 0.55 0.0171875 0.022222222222222223
0 0.4859375 0.5534722222222223 0.01875 0.02361111111111111
0 0.61171875 0.5104166666666666 0.0125 0.020833333333333332
0 0.61328125 0.5291666666666667 0.0109375 0.022222222222222223
0 0.687890625 0.5013888888888889 0.00859375 0.022222222222222223
0 0.75 0.48125 0.015625 0.015277777777777777
0 0.7375 0.49236111111111114 0.00625 0.0125
0 0.66875 0.5055555555555555 0.0109375 0.019444444444444445
0 0.5859375 0.5381944444444444 0.0109375 0.020833333333333332
0 0.698828125 0.49444444444444446 0.00546875 0.016666666666666666
