0 0.93125 0.5104166666666666 0.0296875 0.05416666666666667
0 0.554296875 0.475 0.03359375 0.08055555555555556
0 0.822265625 0.35625 0.03671875 0.034722222222222224
0 0.53671875 0.3125 0.0265625 0.027777777777777776
0 0.805078125 0.45416666666666666 0.05234375 0.07222222222222222
0 0.770703125 0.3347222222222222 0.03203125 0.022222222222222223
0 0.3875 0.30972222222222223 0.0203125 0.013888888888888888
0 0.161328125 0.36527777777777776 0.02109375 0.013888888888888888
0 0.284375 0.3458333333333333 0.0171875 0.011111111111111112
0 0.5265625 0.34652777777777777 0.0203125 0.020833333333333332
0 0.5796875 0.28541666666666665 0.0125 0.015277777777777777
0 0.58046875 0.29375 0.0140625 0.020833333333333332
0 0.8703125 0.35833333333333334 0.021875 0.019444444444444445
0 0.891796875 0.35138888888888886 0.02421875 0.025
0 0.95859375 0.375 0.0140625 0.030555555555555555
