0 0.71875 0.38680555555555557 0.065625 0.04583333333333333
0 0.266015625 0.40347222222222223 0.04765625 0.043055555555555555
0 0.45625 0.3173611111111111 0.03125 0.0375
0 0.575 0.31180555555555556 0.025 0.02638888888888889
0 0.3703125 0.30416666666666664 0.0171875 0.019444444444444445
0 0.27890625 0.3215277777777778 0.009375 0.015277777777777777
0 0.125 0.34930555555555554 0.0234375 0.009722222222222222
0 0.1765625 0.3388888888888889 0.0265625 0.008333333333333333
0 0.446875 0.30833333333333335 0.00625 0.011111111111111112
0 0.52578125 0.3111111111111111 0.009375 0.013888888888888888
0 0.540625 0.3020833333333333 0.0140625 0.029166666666666667
0 0.5390625 0.2826388888888889 0.021875 0.020833333333333332
0 0.504296875 0.2791666666666667 0.01640625 0.016666666666666666
0 0.49609375 0.28958333333333336 0.0234375 0.02638888888888889
0 0.475390625 0.3215277777777778 0.01484375 0.0125
0 0.479296875 0.31319444444444444 0.01328125 0.018055555555555554
0 0.478125 0.30069444444444443 0.0078125 0.015277777777777777
0 0.63515625 0.2847222222222222 0.0203125 0.013888888888888888
0 0.65390625 0.28194444444444444 0.0234375 0.019444444444444445
0 0.5140625 0.35138888888888886 0.03125 0.044444444444444446
