0 0.8390625 0.3909722222222222 0.040625 0.043055555555555555
0 0.61953125 0.38263888888888886 0.0421875 0.04583333333333333
0 0.293359375 0.42291666666666666 0.03359375 0.0375
0 0.8859375 0.3909722222222222 0.05 0.0625
0 0.796875 0.3861111111111111 0.046875 0.058333333333333334
0 0.708984375 0.40347222222222223 0.04765625 0.04861111111111111
0 0.66328125 0.37222222222222223 0.0359375 0.03611111111111111
0 0.35859375 0.3861111111111111 0.0171875 0.022222222222222223
0 0.83515625 0.3638888888888889 0.0453125 0.030555555555555555
0 0.8859375 0.37222222222222223 0.0390625 0.027777777777777776
0 0.92265625 0.39375 0.0171875 0.020833333333333332
0 0.916796875 0.42083333333333334 0.02890625 0.030555555555555555
