0 0.696875 0.2965277777777778 0.015625 0.02361111111111111
0 0.919140625 0.5743055555555555 0.04140625 0.1125
0 0.7671875 0.3659722222222222 0.021875 0.04027777777777778
0 0.83984375 0.32430555555555557 0.021875 0.02638888888888889
0 0.923828125 0.32430555555555557 0.02578125 0.018055555555555554
0 0.56171875 0.29444444444444445 0.0140625 0.013888888888888888
0 0.80625 0.375 0.0171875 0.019444444444444445
0 0.947265625 0.4097222222222222 0.03203125 0.03611111111111111
0 0.5203125 0.31875 0.0140625 0.018055555555555554
0 0.974609375 0.3326388888888889 0.01640625 0.029166666666666667
0 0.091796875 0.38680555555555557 0.01328125 0.02361111111111111
