0 0.237890625 0.3701388888888889 0.02265625 0.02638888888888889
0 0.87109375 0.33055555555555555 0.04375 0.03611111111111111
0 0.3171875 0.3638888888888889 0.01875 0.022222222222222223
0 0.34453125 0.37569444444444444 0.0421875 0.04027777777777778
0 0.28359375 0.3611111111111111 0.0171875 0.016666666666666666
0 0.665234375 0.3326388888888889 0.01015625 0.015277777777777777
0 0.085546875 0.39305555555555555 0.01640625 0.03333333333333333
0 0.598046875 0.2972222222222222 0.01953125 0.019444444444444445
0 0.11015625 0.37777777777777777 0.00625 0.013888888888888888
0 0.13125 0.37430555555555556 0.0171875 0.0125
0 0.534765625 0.3159722222222222 0.00859375 0.018055555555555554
0 0.58515625 0.3451388888888889 0.021875 0.02361111111111111
0 0.585546875 0.32569444444444445 0.01640625 0.02638888888888889
