0 0.59375 0.4791666666666667 0.071875 0.06388888888888888
0 0.70859375 0.40347222222222223 0.0421875 0.04027777777777778
0 0.79609375 0.40208333333333335 0.040625 0.04027777777777778
0 0.49609375 0.4236111111111111 0.01875 0.019444444444444445
0 0.92109375 0.3763888888888889 0.01875 0.03888888888888889
0 0.638671875 0.38125 0.01484375 0.018055555555555554
0 0.6703125 0.3527777777777778 0.0203125 0.016666666666666666
0 0.225390625 0.5722222222222222 0.02890625 0.04722222222222222
0 0.24765625 0.5958333333333333 0.028125 0.07222222222222222
0 0.37578125 0.6222222222222222 0.04375 0.044444444444444446
0 0.361328125 0.5972222222222222 0.03515625 0.03333333333333333
0 0.317578125 0.5861111111111111 0.05078125 0.05
0 0.30859375 0.6201388888888889 0.0375 0.05416666666666667
0 0.328515625 0.6416666666666667 0.03203125 0.06666666666666667
0 0.34296875 0.6222222222222222 0.0265625 0.06666666666666667
0 0.39296875 0.4048611111111111 0.0140625 0.018055555555555554
0 0.409375 0.39375 0.015625 0.034722222222222224
0 0.401953125 0.42916666666666664 0.03203125 0.04722222222222222
0 0.53671875 0.42777777777777776 0.0125 0.025
0 0.6953125 0.3576388888888889 0.01875 0.02361111111111111
0 0.734375 0.3659722222222222 0.0203125 0.02361111111111111
0 0.758984375 0.36180555555555555 0.03515625 0.0375
0 0.247265625 0.45069444444444445 0.02734375 0.02638888888888889
