0 0.65234375 0.40555555555555556 0.084375 0.08333333333333333
0 0.582421875 0.33125 0.03828125 0.034722222222222224
0 0.335546875 0.3902777777777778 0.01640625 0.019444444444444445
0 0.4328125 0.33819444444444446 0.01875 0.02361111111111111
0 0.443359375 0.38680555555555557 0.02265625 0.04027777777777778
0 0.846484375 0.5145833333333333 0.08671875 0.09861111111111111
0 0.1828125 0.4638888888888889 0.021875 0.03333333333333333
0 0.378515625 0.36527777777777776 0.01640625 0.027777777777777776
0 0.24453125 0.4513888888888889 0.0140625 0.022222222222222223
0 0.319921875 0.4125 0.02109375 0.025
0 0.442578125 0.35 0.03515625 0.041666666666666664
0 0.92578125 0.6652777777777777 0.1171875 0.18055555555555555
0 0.346875 0.40208333333333335 0.0140625 0.020833333333333332
0 0.263671875 0.4395833333333333 0.01640625 0.020833333333333332
