0 0.681640625 0.35347222222222224 0.02421875 0.029166666666666667
0 0.2890625 0.41597222222222224 0.034375 0.034722222222222224
0 0.41796875 0.3888888888888889 0.0203125 0.027777777777777776
0 0.366015625 0.41458333333333336 0.01640625 0.0375
0 0.14296875 0.4388888888888889 0.015625 0.016666666666666666
0 0.379296875 0.3951388888888889 0.01328125 0.015277777777777777
0 0.393359375 0.3951388888888889 0.01484375 0.015277777777777777
0 0.43203125 0.3902777777777778 0.01875 0.022222222222222223
0 0.560546875 0.35833333333333334 0.01015625 0.016666666666666666
0 0.554296875 0.3659722222222222 0.02421875 0.02361111111111111
0 0.5640625 0.38958333333333334 0.034375 0.029166666666666667
0 0.53984375 0.40625 0.0421875 0.0375
0 0.5109375 0.37916666666666665 0.03125 0.027777777777777776
0 0.501953125 0.3902777777777778 0.03046875 0.03888888888888889
0 0.506640625 0.4 0.02578125 0.03333333333333333
0 0.60625 0.3798611111111111 0.0390625 0.034722222222222224
