0 0.7550154320987654 0.16203703703703703 0.030864197530864196 0.018518518518518517
0 0.15991512345679013 0.24382716049382716 0.02970679012345679 0.023662551440329218
0 0.6954089506172839 0.10648148148148148 0.016589506172839507 0.01954732510288066
0 0.7301311728395061 0.14094650205761317 0.024305555555555556 0.023662551440329218
0 0.18267746913580246 0.2528292181069959 0.013503086419753086 0.01286008230452675
0 0.19772376543209877 0.25334362139917693 0.02662037037037037 0.02726337448559671
0 0.48128858024691357 0.14223251028806586 0.03742283950617284 0.025205761316872428
0 0.07388117283950617 0.27546296296296297 0.018132716049382717 0.026234567901234566
0 0.11419753086419752 0.24511316872427982 0.015432098765432098 0.01903292181069959
0 0.21064814814814814 0.16332304526748972 0.009259259259259259 0.011831275720164609
0 0.22878086419753085 0.1345164609053498 0.005401234567901234 0.00977366255144033
0 0.26871141975308643 0.12011316872427984 0.009645061728395061 0.00874485596707819
0 0.26157407407407407 0.12757201646090535 0.011574074074074073 0.012345679012345678
0 0.2010030864197531 0.13708847736625515 0.007716049382716049 0.010802469135802469
0 0.19193672839506173 0.14300411522633744 0.002700617283950617 0.0051440329218107
0 0.1743827160493827 0.1550925925925926 0.009259259259259259 0.011831275720164609
