0 0.1849922839506173 0.24279835390946503 0.03125 0.033950617283950615
0 0.19868827160493827 0.25308641975308643 0.031635802469135804 0.029835390946502057
0 0.7380401234567902 0.19007201646090535 0.040123456790123455 0.041666666666666664
0 0.1423611111111111 0.2620884773662551 0.019290123456790122 0.03755144032921811
0 0.6531635802469136 0.1376028806584362 0.016203703703703703 0.025205761316872428
0 0.6359953703703703 0.10236625514403293 0.018132716049382717 0.01954732510288066
0 0.7544367283950617 0.13734567901234568 0.02199074074074074 0.024691358024691357
0 0.034722222222222224 0.2456275720164609 0.006172839506172839 0.011831275720164609
0 0.13908179012345678 0.22325102880658437 0.015046296296296295 0.018518518518518517
0 0.17341820987654322 0.18544238683127573 0.008101851851851851 0.016975308641975308
0 0.16493055555555555 0.16049382716049382 0.005787037037037037 0.0102880658436214
0 0.25385802469135804 0.12834362139917696 0.006172839506172839 0.00977366255144033
0 0.23051697530864199 0.12319958847736626 0.0073302469135802465 0.00565843621399177
0 0.08333333333333333 0.27109053497942387 0.008487654320987654 0.01440329218106996
0 0.21373456790123457 0.13348765432098766 0.004629629629629629 0.004629629629629629
