0 0.1875 0.2412551440329218 0.033179012345679014 0.033950617283950615
0 0.6560570987654321 0.1383744855967078 0.02044753086419753 0.023662551440329218
0 0.6460262345679012 0.0941358024691358 0.016589506172839507 0.01646090534979424
0 0.13464506172839505 0.2744341563786008 0.014660493827160493 0.028292181069958847
0 0.19695216049382716 0.2543724279835391 0.03510802469135803 0.029320987654320986
0 0.7517361111111112 0.13940329218106995 0.016589506172839507 0.024691358024691357
0 0.7345679012345679 0.19212962962962962 0.038580246913580245 0.03652263374485597
0 0.17669753086419754 0.18595679012345678 0.010030864197530864 0.014917695473251029
0 0.08314043209876543 0.2718621399176955 0.008101851851851851 0.016975308641975308
0 0.033950617283950615 0.2456275720164609 0.006172839506172839 0.010802469135802469
0 0.13908179012345678 0.22402263374485595 0.015046296296296295 0.020061728395061727
0 0.16435185185185186 0.16203703703703703 0.010030864197530864 0.01131687242798354
0 0.25308641975308643 0.12602880658436214 0.005401234567901234 0.0102880658436214
0 0.22858796296296297 0.12628600823045266 0.005787037037037037 0.00874485596707819
0 0.21238425925925927 0.13348765432098766 0.003472222222222222 0.004629629629629629
0 0.17476851851851852 0.17181069958847736 0.015432098765432098 0.013374485596707819
