0 0.18422067901234568 0.2525720164609053 0.013503086419753086 0.012345679012345678
0 0.6641589506172839 0.14068930041152264 0.022762345679012346 0.02417695473251029
0 0.18287037037037038 0.26594650205761317 0.015432098765432098 0.03497942386831276
0 0.6630015432098766 0.1741255144032922 0.02199074074074074 0.03960905349794239
0 0.7764274691358025 0.147119341563786 0.03896604938271605 0.0257201646090535
0 0.6277006172839507 0.10056584362139917 0.013117283950617283 0.01594650205761317
0 0.1400462962962963 0.2692901234567901 0.020061728395061727 0.03652263374485597
0 0.26948302469135804 0.11856995884773662 0.011188271604938271 0.014917695473251029
0 0.21643518518518517 0.13065843621399176 0.008487654320987654 0.009259259259259259
0 0.1712962962962963 0.15843621399176955 0.009259259259259259 0.012345679012345678
0 0.18132716049382716 0.18184156378600824 0.012345679012345678 0.014917695473251029
0 0.13908179012345678 0.2235082304526749 0.015046296296296295 0.01903292181069959
0 0.08333333333333333 0.2705761316872428 0.007716049382716049 0.01440329218106996
0 0.02970679012345679 0.24845679012345678 0.007716049382716049 0.012345679012345678
