0 0.7534722222222222 0.1918724279835391 0.04938271604938271 0.03806584362139918
0 0.2033179012345679 0.25925925925925924 0.03009259259259259 0.027777777777777776
0 0.16647376543209877 0.23713991769547324 0.02353395061728395 0.037037037037037035
0 0.19598765432098766 0.24588477366255143 0.020833333333333332 0.02263374485596708
0 0.7671682098765432 0.13348765432098766 0.03510802469135803 0.02726337448559671
0 0.6556712962962963 0.1376028806584362 0.015046296296296295 0.022119341563786008
0 0.6170910493827161 0.10751028806584362 0.01890432098765432 0.0205761316872428
0 0.08256172839506173 0.2718621399176955 0.008487654320987654 0.016975308641975308
0 0.1408179012345679 0.23251028806584362 0.015432098765432098 0.01440329218106996
0 0.16898148148148148 0.18930041152263374 0.009259259259259259 0.01748971193415638
0 0.1753472222222222 0.17181069958847736 0.013503086419753086 0.012345679012345678
0 0.1394675925925926 0.1741255144032922 0.011188271604938271 0.013888888888888888
0 0.025848765432098766 0.25205761316872427 0.008487654320987654 0.013374485596707819
0 0.20929783950617284 0.13348765432098766 0.010416666666666666 0.011831275720164609
0 0.2638888888888889 0.12705761316872427 0.006944444444444444 0.012345679012345678
