0 0.13464506172839505 0.2726337448559671 0.023148148148148147 0.0360082304526749
0 0.18287037037037038 0.2631172839506173 0.015432098765432098 0.03137860082304527
0 0.6618441358024691 0.14017489711934156 0.01890432098765432 0.02417695473251029
0 0.628858024691358 0.10108024691358025 0.015432098765432098 0.01594650205761317
0 0.6898148148148148 0.18415637860082304 0.04089506172839506 0.043209876543209874
0 0.7708333333333334 0.14609053497942387 0.03780864197530864 0.023662551440329218
0 0.22260802469135801 0.12782921810699588 0.008487654320987654 0.00977366255144033
0 0.25829475308641975 0.12165637860082304 0.011959876543209876 0.014917695473251029
0 0.16782407407407407 0.15997942386831276 0.010802469135802469 0.013374485596707819
0 0.18132716049382716 0.169238683127572 0.010802469135802469 0.01646090534979424
0 0.17920524691358025 0.18364197530864199 0.0073302469135802465 0.013374485596707819
0 0.1394675925925926 0.22170781893004116 0.01427469135802469 0.018518518518518517
0 0.033179012345679014 0.24614197530864199 0.010030864197530864 0.011831275720164609
0 0.08333333333333333 0.2705761316872428 0.006944444444444444 0.013374485596707819
