0 0.8096064814814815 0.1558641975308642 0.03279320987654321 0.027777777777777776
0 0.18344907407407407 0.25308641975308643 0.015817901234567902 0.012345679012345678
0 0.16859567901234568 0.22376543209876543 0.018518518518518517 0.0257201646090535
0 0.7532793209876543 0.16152263374485595 0.02662037037037037 0.01646090534979424
0 0.1863425925925926 0.2692901234567901 0.017746913580246913 0.038580246913580245
0 0.6554783950617284 0.1381172839506173 0.032407407407407406 0.02726337448559671
0 0.26851851851851855 0.19212962962962962 0.02700617283950617 0.023148148148148147
0 0.11863425925925926 0.24382716049382716 0.010416666666666666 0.018518518518518517
0 0.07677469135802469 0.2716049382716049 0.020061728395061727 0.026748971193415638
0 0.19251543209876543 0.14583333333333334 0.008487654320987654 0.010802469135802469
0 0.2494212962962963 0.14248971193415638 0.011188271604938271 0.01440329218106996
0 0.23861882716049382 0.15097736625514405 0.011188271604938271 0.01903292181069959
0 0.1701388888888889 0.18364197530864199 0.007716049382716049 0.015432098765432098
