0 0.7457561728395061 0.1911008230452675 0.04938271604938271 0.03960905349794239
0 0.16087962962962962 0.24434156378600824 0.013117283950617283 0.027777777777777776
0 0.1863425925925926 0.2425411522633745 0.023919753086419752 0.032407407407407406
0 0.625 0.10493827160493827 0.02700617283950617 0.0205761316872428
0 0.751929012345679 0.13734567901234568 0.015432098765432098 0.023662551440329218
0 0.19483024691358025 0.25540123456790126 0.029320987654320986 0.026234567901234566
0 0.6541280864197531 0.1376028806584362 0.015817901234567902 0.023148148148148147
0 0.13908179012345678 0.22453703703703703 0.015817901234567902 0.01903292181069959
0 0.035493827160493825 0.2456275720164609 0.006172839506172839 0.01286008230452675
0 0.1722608024691358 0.18775720164609053 0.008873456790123456 0.015432098765432098
0 0.16454475308641975 0.15997942386831276 0.005787037037037037 0.012345679012345678
0 0.21489197530864199 0.1324588477366255 0.0038580246913580245 0.004629629629629629
0 0.2349537037037037 0.12139917695473251 0.011574074074074073 0.006172839506172839
0 0.2544367283950617 0.12782921810699588 0.005787037037037037 0.010802469135802469
0 0.08275462962962964 0.2718621399176955 0.008873456790123456 0.01594650205761317
