0 0.48572530864197533 0.13914609053497942 0.023148148148148147 0.022119341563786008
0 0.6647376543209876 0.11522633744855967 0.03009259259259259 0.021604938271604937
0 0.18325617283950618 0.25411522633744854 0.016203703703703703 0.01954732510288066
0 0.7741126543209876 0.1669238683127572 0.028935185185185185 0.030349794238683128
0 0.23977623456790123 0.21116255144032922 0.02816358024691358 0.02726337448559671
0 0.6965663580246914 0.14583333333333334 0.022762345679012346 0.025205761316872428
0 0.18209876543209877 0.22890946502057613 0.013888888888888888 0.024691358024691357
0 0.1402391975308642 0.22119341563786007 0.019675925925925927 0.01954732510288066
0 0.19598765432098766 0.1712962962962963 0.019290123456790122 0.01748971193415638
0 0.2006172839506173 0.13734567901234568 0.0030864197530864196 0.0102880658436214
0 0.19714506172839505 0.14171810699588477 0.0023148148148148147 0.00360082304526749
0 0.19212962962962962 0.14943415637860083 0.012345679012345678 0.01286008230452675
0 0.1722608024691358 0.1566358024691358 0.005787037037037037 0.007716049382716049
0 0.2820216049382716 0.11934156378600823 0.016203703703703703 0.013374485596707819
0 0.08294753086419752 0.2726337448559671 0.006172839506172839 0.013374485596707819
0 0.001736111111111111 0.2664609053497942 0.002700617283950617 0.0102880658436214
