0 0.7712191358024691 0.14609053497942387 0.03780864197530864 0.024691358024691357
0 0.6317515432098766 0.10133744855967078 0.02044753086419753 0.01646090534979424
0 0.736304012345679 0.19290123456790123 0.05594135802469136 0.03909465020576132
0 0.6606867283950617 0.13940329218106995 0.018132716049382717 0.024691358024691357
0 0.18344907407407407 0.261059670781893 0.015046296296296295 0.030349794238683128
0 0.13136574074074073 0.27211934156378603 0.02662037037037037 0.030864197530864196
0 0.16801697530864199 0.1602366255144033 0.01273148148148148 0.014917695473251029
0 0.17746913580246915 0.18441358024691357 0.010030864197530864 0.014917695473251029
0 0.1394675925925926 0.22299382716049382 0.01427469135802469 0.01903292181069959
0 0.03279320987654321 0.2463991769547325 0.010802469135802469 0.01131687242798354
0 0.25617283950617287 0.12294238683127572 0.007716049382716049 0.0102880658436214
0 0.08449074074074074 0.2705761316872428 0.007716049382716049 0.013374485596707819
