0 0.4841820987654321 0.1376028806584362 0.015432098765432098 0.02417695473251029
0 0.7727623456790124 0.16718106995884774 0.02546296296296296 0.029835390946502057
0 0.25713734567901236 0.2052469135802469 0.02970679012345679 0.024691358024691357
0 0.18190586419753085 0.2265946502057613 0.013503086419753086 0.028292181069958847
0 0.6863425925925926 0.1514917695473251 0.024691358024691357 0.030349794238683128
0 0.18383487654320987 0.25385802469135804 0.015046296296296295 0.01286008230452675
0 0.6574074074074074 0.11445473251028807 0.02546296296296296 0.022119341563786008
0 0.16184413580246915 0.21141975308641975 0.017361111111111112 0.026748971193415638
0 0.19560185185185186 0.17155349794238683 0.020833333333333332 0.01800411522633745
0 0.18904320987654322 0.15123456790123457 0.010030864197530864 0.012345679012345678
0 0.1739969135802469 0.1574074074074074 0.011574074074074073 0.009259259259259259
0 0.1996527777777778 0.13863168724279834 0.005787037037037037 0.011831275720164609
0 0.2835648148148148 0.11754115226337448 0.011574074074074073 0.011831275720164609
0 0.0019290123456790122 0.268261316872428 0.0030864197530864196 0.010802469135802469
0 0.08294753086419752 0.2713477366255144 0.007716049382716049 0.011831275720164609
