0 0.17939814814814814 0.2734053497942387 0.02700617283950617 0.03446502057613169
0 0.6649305555555556 0.1427469135802469 0.02507716049382716 0.025205761316872428
0 0.777391975308642 0.14686213991769548 0.038580246913580245 0.026234567901234566
0 0.18306327160493827 0.25308641975308643 0.016589506172839507 0.015432098765432098
0 0.6263503086419753 0.10185185185185185 0.009645061728395061 0.015432098765432098
0 0.6558641975308642 0.1705246913580247 0.017746913580246913 0.041666666666666664
0 0.1412037037037037 0.26800411522633744 0.018518518518518517 0.030864197530864196
0 0.27469135802469136 0.11625514403292181 0.006944444444444444 0.01131687242798354
0 0.21489197530864199 0.12962962962962962 0.007716049382716049 0.00823045267489712
0 0.1701388888888889 0.15997942386831276 0.012345679012345678 0.01440329218106996
0 0.17689043209876543 0.1720679012345679 0.01427469135802469 0.013888888888888888
0 0.18074845679012347 0.18287037037037038 0.01427469135802469 0.013888888888888888
0 0.1388888888888889 0.22299382716049382 0.014660493827160493 0.01903292181069959
0 0.08275462962962964 0.2713477366255144 0.01273148148148148 0.01800411522633745
0 0.03009259259259259 0.24897119341563786 0.010802469135802469 0.01131687242798354
