0 0.20023148148148148 0.21373456790123457 0.014660493827160493 0.028292181069958847
0 0.5891203703703703 0.11136831275720165 0.024691358024691357 0.020061728395061727
0 0.7052469135802469 0.11291152263374486 0.02546296296296296 0.023148148148148147
0 0.7561728395061729 0.1875 0.021604938271604937 0.03755144032921811
0 0.19483024691358025 0.25051440329218105 0.020061728395061727 0.02263374485596708
0 0.26350308641975306 0.20267489711934156 0.016975308641975308 0.023662551440329218
0 0.6793981481481481 0.1257716049382716 0.018518518518518517 0.02417695473251029
0 0.08449074074074074 0.2716049382716049 0.008487654320987654 0.01646090534979424
0 0.140625 0.23251028806584362 0.01427469135802469 0.01440329218106996
0 0.045910493827160496 0.2368827160493827 0.015432098765432098 0.01594650205761317
0 0.12037037037037036 0.18775720164609053 0.012345679012345678 0.01131687242798354
0 0.17824074074074073 0.18698559670781892 0.016975308641975308 0.013888888888888888
0 0.2179783950617284 0.13143004115226337 0.009259259259259259 0.00874485596707819
0 0.26427469135802467 0.12551440329218108 0.008487654320987654 0.0102880658436214
