0 0.19347993827160495 0.25025720164609055 0.022762345679012346 0.02417695473251029
0 0.6790123456790124 0.12474279835390946 0.020833333333333332 0.02417695473251029
0 0.2033179012345679 0.2152777777777778 0.020061728395061727 0.023148148148148147
0 0.7546296296296297 0.18287037037037038 0.020833333333333332 0.03652263374485597
0 0.5885416666666666 0.11136831275720165 0.02353395061728395 0.02109053497942387
0 0.7008101851851852 0.11316872427983539 0.03125 0.02263374485596708
0 0.2785493827160494 0.19315843621399176 0.023148148148148147 0.022119341563786008
0 0.17746913580246915 0.1705246913580247 0.008487654320987654 0.01286008230452675
0 0.18190586419753085 0.18518518518518517 0.021219135802469136 0.01748971193415638
0 0.140625 0.23148148148148148 0.016589506172839507 0.012345679012345678
0 0.08506944444444445 0.27031893004115226 0.006558641975308642 0.011831275720164609
0 0.048032407407407406 0.23508230452674897 0.01427469135802469 0.01440329218106996
0 0.125 0.18492798353909465 0.011574074074074073 0.011831275720164609
0 0.19425154320987653 0.16563786008230452 0.008101851851851851 0.01131687242798354
