0 0.18171296296296297 0.24537037037037038 0.014660493827160493 0.029835390946502057
0 0.623070987654321 0.1051954732510288 0.017746913580246913 0.020061728395061727
0 0.19521604938271606 0.2551440329218107 0.02546296296296296 0.029835390946502057
0 0.7536651234567902 0.13580246913580246 0.02353395061728395 0.024691358024691357
0 0.16126543209876543 0.2456275720164609 0.013117283950617283 0.028292181069958847
0 0.7444058641975309 0.1934156378600823 0.047453703703703706 0.040123456790123455
0 0.6548996913580247 0.1388888888888889 0.015817901234567902 0.021604938271604937
0 0.17515432098765432 0.17103909465020575 0.013888888888888888 0.010802469135802469
0 0.1410108024691358 0.2309670781893004 0.01427469135802469 0.01131687242798354
0 0.08275462962962964 0.2716049382716049 0.009645061728395061 0.015432098765432098
0 0.03279320987654321 0.24768518518518517 0.009259259259259259 0.014917695473251029
0 0.17515432098765432 0.1875 0.011574074074074073 0.01286008230452675
0 0.1597222222222222 0.16203703703703703 0.009259259259259259 0.012345679012345678
0 0.25848765432098764 0.12680041152263374 0.013117283950617283 0.00977366255144033
0 0.2027391975308642 0.1332304526748971 0.005015432098765432 0.0102880658436214
