0 0.4729938271604938 0.14223251028806586 0.031635802469135804 0.025205761316872428
0 0.6863425925925926 0.10545267489711935 0.012345679012345678 0.01646090534979424
0 0.18287037037037038 0.25128600823045266 0.015432098765432098 0.01286008230452675
0 0.1566358024691358 0.2448559670781893 0.023148148148148147 0.021604938271604937
0 0.18460648148148148 0.261059670781893 0.015046296296296295 0.029320987654320986
0 0.7228009259259259 0.14480452674897118 0.02507716049382716 0.02726337448559671
0 0.7534722222222222 0.16255144032921812 0.026234567901234566 0.01748971193415638
0 0.2534722222222222 0.13065843621399176 0.0038580246913580245 0.00720164609053498
0 0.2596450617283951 0.12757201646090535 0.006944444444444444 0.0102880658436214
0 0.2662037037037037 0.13400205761316872 0.009259259259259259 0.013888888888888888
0 0.22627314814814814 0.13734567901234568 0.011188271604938271 0.012345679012345678
0 0.2065972222222222 0.16255144032921812 0.01427469135802469 0.01748971193415638
0 0.2029320987654321 0.13734567901234568 0.010030864197530864 0.0102880658436214
0 0.17476851851851852 0.15457818930041153 0.010030864197530864 0.01286008230452675
0 0.11631944444444445 0.2412551440329218 0.02044753086419753 0.02880658436213992
0 0.0777391975308642 0.2770061728395062 0.02199074074074074 0.020061728395061727
