0 0.18267746913580246 0.24768518518518517 0.017361111111111112 0.022119341563786008
0 0.13425925925925927 0.2734053497942387 0.015432098765432098 0.028292181069958847
0 0.7297453703703703 0.1926440329218107 0.04128086419753087 0.038580246913580245
0 0.6566358024691358 0.13940329218106995 0.021604938271604937 0.024691358024691357
0 0.7544367283950617 0.1404320987654321 0.01890432098765432 0.0257201646090535
0 0.6458333333333334 0.09130658436213991 0.013888888888888888 0.02109053497942387
0 0.19772376543209877 0.25617283950617287 0.02970679012345679 0.03189300411522634
0 0.1394675925925926 0.22325102880658437 0.015817901234567902 0.018518518518518517
0 0.03452932098765432 0.24614197530864199 0.0073302469135802465 0.011831275720164609
0 0.17611882716049382 0.1720679012345679 0.01273148148148148 0.010802469135802469
0 0.17785493827160495 0.18544238683127573 0.010030864197530864 0.013888888888888888
0 0.16531635802469136 0.1610082304526749 0.011959876543209876 0.013374485596707819
0 0.21199845679012347 0.13297325102880658 0.004243827160493827 0.00360082304526749
0 0.251929012345679 0.12602880658436214 0.007716049382716049 0.01131687242798354
