0 0.18383487654320987 0.25308641975308643 0.015046296296296295 0.01646090534979424
0 0.22280092592592593 0.22993827160493827 0.02353395061728395 0.029835390946502057
0 0.7540509259259259 0.1617798353909465 0.027391975308641976 0.01800411522633745
0 0.7127700617283951 0.14506172839506173 0.03433641975308642 0.026748971193415638
0 0.4878472222222222 0.1404320987654321 0.03819444444444445 0.023662551440329218
0 0.16898148148148148 0.23996913580246915 0.031635802469135804 0.028292181069958847
0 0.7027391975308642 0.10853909465020577 0.015817901234567902 0.0205761316872428
0 0.2021604938271605 0.17001028806584362 0.016203703703703703 0.01903292181069959
0 0.11959876543209877 0.23894032921810698 0.016975308641975308 0.022119341563786008
0 0.08082561728395062 0.2718621399176955 0.016589506172839507 0.01903292181069959
0 0.1720679012345679 0.15689300411522633 0.007716049382716049 0.009259259259259259
0 0.19945987654320987 0.13708847736625515 0.004629629629629629 0.007716049382716049
0 0.21720679012345678 0.13786008230452676 0.009259259259259259 0.01131687242798354
0 0.2621527777777778 0.12602880658436214 0.009645061728395061 0.0102880658436214
0 0.27739197530864196 0.11728395061728394 0.010030864197530864 0.009259259259259259
