0 0.18229166666666666 0.24099794238683128 0.01890432098765432 0.02726337448559671
0 0.16878858024691357 0.22042181069958847 0.02199074074074074 0.029320987654320986
0 0.8360339506172839 0.16255144032921812 0.034722222222222224 0.030864197530864196
0 0.7528935185185185 0.16435185185185186 0.028935185185185185 0.016975308641975308
0 0.6531635802469136 0.1376028806584362 0.034722222222222224 0.028292181069958847
0 0.18267746913580246 0.27109053497942387 0.01427469135802469 0.0360082304526749
0 0.2662037037037037 0.19212962962962962 0.029320987654320986 0.022119341563786008
0 0.078125 0.2734053497942387 0.021219135802469136 0.023148148148148147
0 0.11882716049382716 0.24511316872427982 0.010030864197530864 0.01903292181069959
0 0.1697530864197531 0.18492798353909465 0.006172839506172839 0.01594650205761317
0 0.19502314814814814 0.14454732510288065 0.009645061728395061 0.0102880658436214
0 0.22685185185185186 0.12628600823045266 0.005401234567901234 0.007716049382716049
0 0.24768518518518517 0.14454732510288065 0.006172839506172839 0.01440329218106996
0 0.23996913580246915 0.14429012345679013 0.011574074074074073 0.00874485596707819
0 0.24054783950617284 0.15406378600823045 0.01427469135802469 0.013888888888888888
