0 0.28896604938271603 0.18518518518518517 0.02546296296296296 0.0205761316872428
0 0.2065972222222222 0.21733539094650206 0.02353395061728395 0.02417695473251029
0 0.7457561728395061 0.1743827160493827 0.018518518518518517 0.033950617283950615
0 0.6996527777777778 0.113940329218107 0.027391975308641976 0.02109053497942387
0 0.19579475308641975 0.2492283950617284 0.015046296296296295 0.02417695473251029
0 0.6813271604938271 0.12525720164609053 0.019290123456790122 0.02109053497942387
0 0.5860339506172839 0.10982510288065844 0.023148148148148147 0.020061728395061727
0 0.1415895061728395 0.2322530864197531 0.014660493827160493 0.00874485596707819
0 0.12287808641975309 0.18595679012345678 0.008873456790123456 0.013888888888888888
0 0.048996913580246916 0.2337962962962963 0.013117283950617283 0.014917695473251029
0 0.18325617283950618 0.18184156378600824 0.006944444444444444 0.01286008230452675
0 0.2629243827160494 0.12885802469135801 0.010416666666666666 0.010802469135802469
0 0.08526234567901235 0.2700617283950617 0.006944444444444444 0.013374485596707819
