0 0.6541280864197531 0.16229423868312756 0.03433641975308642 0.038580246913580245
0 0.14718364197530864 0.2620884773662551 0.015046296296296295 0.029320987654320986
0 0.6793981481481481 0.14969135802469136 0.02546296296296296 0.03497942386831276
0 0.7997685185185185 0.15174897119341563 0.021604938271604937 0.027777777777777776
0 0.18267746913580246 0.25051440329218105 0.016589506172839507 0.01646090534979424
0 0.17997685185185186 0.2726337448559671 0.02816358024691358 0.03909465020576132
0 0.6209490740740741 0.10365226337448559 0.013503086419753086 0.01800411522633745
0 0.028356481481481483 0.25025720164609055 0.013503086419753086 0.01286008230452675
0 0.1396604938271605 0.22453703703703703 0.012345679012345678 0.01903292181069959
0 0.1871141975308642 0.17824074074074073 0.015432098765432098 0.022119341563786008
0 0.1743827160493827 0.15792181069958847 0.011574074074074073 0.01440329218106996
0 0.21219135802469136 0.13117283950617284 0.008487654320987654 0.009259259259259259
0 0.27391975308641975 0.11702674897119342 0.006944444444444444 0.010802469135802469
0 0.08333333333333333 0.27237654320987653 0.007716049382716049 0.01594650205761317
