0 0.8466435185185185 0.1736111111111111 0.03587962962962963 0.03137860082304527
0 0.5244984567901234 0.15560699588477367 0.02353395061728395 0.02726337448559671
0 0.6232638888888888 0.10596707818930041 0.015046296296296295 0.018518518518518517
0 0.7048611111111112 0.15895061728395063 0.016203703703703703 0.037037037037037035
0 0.21720679012345678 0.25180041152263377 0.023148148148148147 0.030349794238683128
0 0.16087962962962962 0.2412551440329218 0.021604938271604937 0.03497942386831276
0 0.18248456790123457 0.25334362139917693 0.016203703703703703 0.01594650205761317
0 0.08294753086419752 0.2718621399176955 0.007716049382716049 0.014917695473251029
0 0.012924382716049383 0.26157407407407407 0.013503086419753086 0.013888888888888888
0 0.1404320987654321 0.2242798353909465 0.015432098765432098 0.0205761316872428
0 0.19077932098765432 0.17515432098765432 0.016589506172839507 0.02109053497942387
0 0.18942901234567902 0.15097736625514405 0.007716049382716049 0.011831275720164609
0 0.27218364197530864 0.1198559670781893 0.013503086419753086 0.01131687242798354
0 0.20466820987654322 0.1324588477366255 0.005787037037037037 0.007716049382716049
0 0.2023533950617284 0.13708847736625515 0.003472222222222222 0.00360082304526749
