0 0.6568287037037037 0.09002057613168725 0.015817901234567902 0.023662551440329218
0 0.7563657407407407 0.13605967078189302 0.025848765432098766 0.025205761316872428
0 0.18904320987654322 0.2448559670781893 0.036265432098765434 0.027777777777777776
0 0.7374614197530864 0.1926440329218107 0.03973765432098766 0.035493827160493825
0 0.6570216049382716 0.1376028806584362 0.018518518518518517 0.025205761316872428
0 0.19791666666666666 0.2543724279835391 0.033950617283950615 0.030349794238683128
0 0.13329475308641975 0.2777777777777778 0.015817901234567902 0.02880658436213992
0 0.03452932098765432 0.2456275720164609 0.005787037037037037 0.00874485596707819
0 0.13869598765432098 0.2235082304526749 0.016589506172839507 0.02109053497942387
0 0.17418981481481483 0.18595679012345678 0.01273148148148148 0.016975308641975308
0 0.16415895061728394 0.16152263374485595 0.0073302469135802465 0.01131687242798354
0 0.2507716049382716 0.12602880658436214 0.006944444444444444 0.012345679012345678
0 0.22916666666666666 0.12422839506172839 0.006944444444444444 0.007716049382716049
0 0.08429783950617284 0.2708333333333333 0.0073302469135802465 0.011831275720164609
0 0.21412037037037038 0.13297325102880658 0.004629629629629629 0.00565843621399177
