0 0.2035108024691358 0.24794238683127573 0.025848765432098766 0.030864197530864196
0 0.18383487654320987 0.2528292181069959 0.013503086419753086 0.013888888888888888
0 0.484375 0.14300411522633744 0.03819444444444445 0.026748971193415638
0 0.16454475308641975 0.2417695473251029 0.03202160493827161 0.026748971193415638
0 0.7345679012345679 0.13914609053497942 0.019290123456790122 0.028292181069958847
0 0.6971450617283951 0.10699588477366255 0.013888888888888888 0.021604938271604937
0 0.7525077160493827 0.16332304526748972 0.028935185185185185 0.01800411522633745
0 0.11689814814814815 0.2440843621399177 0.018518518518518517 0.01903292181069959
0 0.08043981481481481 0.27109053497942387 0.016589506172839507 0.021604938271604937
0 0.0019290123456790122 0.2646604938271605 0.0038580246913580245 0.00874485596707819
0 0.1726466049382716 0.1558641975308642 0.005015432098765432 0.009259259259259259
0 0.20003858024691357 0.1376028806584362 0.005787037037037037 0.00874485596707819
0 0.21412037037037038 0.16152263374485595 0.007716049382716049 0.01440329218106996
0 0.23013117283950618 0.13400205761316872 0.009645061728395061 0.007716049382716049
0 0.25983796296296297 0.12628600823045266 0.011188271604938271 0.01286008230452675
0 0.27199074074074076 0.11934156378600823 0.008487654320987654 0.0102880658436214
