0 0.2619598765432099 0.20164609053497942 0.02854938271604938 0.02263374485596708
0 0.6890432098765432 0.1507201646090535 0.019290123456790122 0.030864197530864196
0 0.48726851851851855 0.1381172839506173 0.02546296296296296 0.022119341563786008
0 0.6338734567901234 0.1087962962962963 0.014660493827160493 0.01903292181069959
0 0.18306327160493827 0.2523148148148148 0.015046296296296295 0.013888888888888888
0 0.7800925925925926 0.16898148148148148 0.027777777777777776 0.029320987654320986
0 0.18325617283950618 0.22582304526748972 0.012345679012345678 0.024691358024691357
0 0.1884645061728395 0.1507201646090535 0.005787037037037037 0.0102880658436214
0 0.18055555555555555 0.15457818930041153 0.010030864197530864 0.010802469135802469
0 0.20081018518518517 0.13631687242798354 0.004243827160493827 0.00720164609053498
0 0.19810956790123457 0.14094650205761317 0.002700617283950617 0.0051440329218107
0 0.28414351851851855 0.11676954732510288 0.0073302469135802465 0.01131687242798354
0 0.19714506172839505 0.17258230452674897 0.020061728395061727 0.01800411522633745
0 0.16184413580246915 0.21424897119341563 0.015817901234567902 0.02726337448559671
0 0.005401234567901234 0.2638888888888889 0.009259259259259259 0.015432098765432098
