0 0.6545138888888888 0.13708847736625515 0.017361111111111112 0.02417695473251029
0 0.19772376543209877 0.25823045267489714 0.025848765432098766 0.03292181069958848
0 0.763695987654321 0.1345164609053498 0.03510802469135803 0.025205761316872428
0 0.16608796296296297 0.24279835390946503 0.02199074074074074 0.026748971193415638
0 0.7517361111111112 0.19290123456790123 0.048996913580246916 0.03806584362139918
0 0.18904320987654322 0.24202674897119342 0.016975308641975308 0.03137860082304527
0 0.621141975308642 0.1051954732510288 0.016975308641975308 0.01903292181069959
0 0.08294753086419752 0.2718621399176955 0.009259259259259259 0.014917695473251029
0 0.026813271604938273 0.25051440329218105 0.005015432098765432 0.01131687242798354
0 0.1423611111111111 0.2330246913580247 0.015432098765432098 0.013374485596707819
0 0.17920524691358025 0.1712962962962963 0.0073302469135802465 0.012345679012345678
0 0.1724537037037037 0.18775720164609053 0.008487654320987654 0.013374485596707819
0 0.14506172839506173 0.17078189300411523 0.008487654320987654 0.0102880658436214
0 0.203125 0.13734567901234568 0.009645061728395061 0.013374485596707819
0 0.2640817901234568 0.12731481481481483 0.008873456790123456 0.00874485596707819
0 0.28607253086419754 0.10905349794238683 0.011188271604938271 0.009259259259259259
