0 0.4870756172839506 0.1381172839506173 0.028935185185185185 0.02417695473251029
0 0.18287037037037038 0.2525720164609053 0.015432098765432098 0.013374485596707819
0 0.7561728395061729 0.15817901234567902 0.024691358024691357 0.03137860082304527
0 0.7100694444444444 0.14583333333333334 0.027391975308641976 0.028292181069958847
0 0.6711033950617284 0.1147119341563786 0.025848765432098766 0.023662551440329218
0 0.1753472222222222 0.23353909465020575 0.02199074074074074 0.023662551440329218
0 0.22685185185185186 0.22170781893004116 0.016975308641975308 0.02263374485596708
0 0.1388888888888889 0.21887860082304528 0.018518518518518517 0.025205761316872428
0 0.19733796296296297 0.17181069958847736 0.015817901234567902 0.021604938271604937
0 0.2017746913580247 0.14480452674897118 0.011574074074074073 0.013888888888888888
0 0.1709104938271605 0.1574074074074074 0.008487654320987654 0.012345679012345678
0 0.2768132716049383 0.12191358024691358 0.01427469135802469 0.012345679012345678
0 0.2818287037037037 0.11728395061728394 0.004243827160493827 0.012345679012345678
0 0.08256172839506173 0.2716049382716049 0.006944444444444444 0.013374485596707819
