0 0.13676697530864199 0.2698045267489712 0.016589506172839507 0.030349794238683128
0 0.19328703703703703 0.25823045267489714 0.03009259259259259 0.02880658436213992
0 0.7334104938271605 0.19393004115226337 0.04861111111111111 0.03806584362139918
0 0.7577160493827161 0.14146090534979425 0.02700617283950617 0.024691358024691357
0 0.1849922839506173 0.24614197530864199 0.017361111111111112 0.025205761316872428
0 0.6593364197530864 0.1396604938271605 0.023919753086419752 0.025205761316872428
0 0.6452546296296297 0.09259259259259259 0.01427469135802469 0.0205761316872428
0 0.16820987654320987 0.1597222222222222 0.010802469135802469 0.013888888888888888
0 0.03433641975308642 0.24614197530864199 0.008487654320987654 0.00874485596707819
0 0.13869598765432098 0.2235082304526749 0.016589506172839507 0.01903292181069959
0 0.17746913580246915 0.18492798353909465 0.010030864197530864 0.014917695473251029
0 0.25289351851851855 0.12525720164609053 0.004243827160493827 0.010802469135802469
0 0.22723765432098766 0.12525720164609053 0.008487654320987654 0.007716049382716049
