0 0.7044753086419753 0.15766460905349794 0.016203703703703703 0.03652263374485597
0 0.6383101851851852 0.12757201646090535 0.01427469135802469 0.02263374485596708
0 0.5912422839506173 0.11136831275720165 0.02816358024691358 0.023148148148148147
0 0.7062114197530864 0.1484053497942387 0.03279320987654321 0.029320987654320986
0 0.5927854938271605 0.15380658436213993 0.015817901234567902 0.03189300411522634
0 0.8753858024691358 0.17746913580246915 0.019290123456790122 0.03806584362139918
0 0.7853009259259259 0.18261316872427982 0.04513888888888889 0.040123456790123455
0 0.640625 0.15997942386831276 0.02970679012345679 0.023662551440329218
0 0.13792438271604937 0.18775720164609053 0.008101851851851851 0.013374485596707819
0 0.11747685185185185 0.1970164609053498 0.01273148148148148 0.015432098765432098
0 0.10223765432098765 0.20421810699588477 0.010030864197530864 0.015432098765432098
0 0.0642361111111111 0.2265946502057613 0.011959876543209876 0.013888888888888888
0 0.028742283950617283 0.2463991769547325 0.009645061728395061 0.015432098765432098
