0 0.6915509259259259 0.11316872427983539 0.027391975308641976 0.018518518518518517
0 0.2918595679012346 0.18441358024691357 0.025848765432098766 0.022119341563786008
0 0.6797839506172839 0.12474279835390946 0.016975308641975308 0.02109053497942387
0 0.7283950617283951 0.16898148148148148 0.033950617283950615 0.035493827160493825
0 0.5933641975308642 0.1111111111111111 0.010030864197530864 0.01954732510288066
0 0.20601851851851852 0.21862139917695472 0.02546296296296296 0.023662551440329218
0 0.19270833333333334 0.24948559670781892 0.016589506172839507 0.023662551440329218
0 0.05304783950617284 0.23405349794238683 0.01427469135802469 0.015432098765432098
0 0.12229938271604938 0.18724279835390947 0.008487654320987654 0.015432098765432098
0 0.1408179012345679 0.23405349794238683 0.014660493827160493 0.012345679012345678
0 0.26176697530864196 0.1286008230452675 0.011959876543209876 0.012345679012345678
0 0.08410493827160494 0.2708333333333333 0.007716049382716049 0.014917695473251029
