0 0.19405864197530864 0.2492283950617284 0.016975308641975308 0.026234567901234566
0 0.7434413580246914 0.19161522633744857 0.030864197530864196 0.035493827160493825
0 0.6176697530864198 0.10699588477366255 0.016975308641975308 0.018518518518518517
0 0.7685185185185185 0.13400205761316872 0.036265432098765434 0.02726337448559671
0 0.6560570987654321 0.13605967078189302 0.016589506172839507 0.02417695473251029
0 0.16685956790123457 0.2361111111111111 0.022762345679012346 0.03806584362139918
0 0.2152777777777778 0.24845679012345678 0.017746913580246913 0.027777777777777776
0 0.08256172839506173 0.2713477366255144 0.008487654320987654 0.01594650205761317
0 0.1413966049382716 0.23251028806584362 0.015817901234567902 0.012345679012345678
0 0.17650462962962962 0.17181069958847736 0.01273148148148148 0.009259259259259259
0 0.13445216049382716 0.17746913580246915 0.01273148148148148 0.01440329218106996
0 0.027584876543209878 0.25051440329218105 0.006558641975308642 0.01131687242798354
0 0.16994598765432098 0.18904320987654322 0.009645061728395061 0.016975308641975308
0 0.20679012345679013 0.13657407407407407 0.010802469135802469 0.00977366255144033
0 0.2690972222222222 0.11934156378600823 0.0073302469135802465 0.0051440329218107
0 0.265625 0.12525720164609053 0.011188271604938271 0.011831275720164609
