0 0.8136574074074074 0.17026748971193414 0.04552469135802469 0.030864197530864196
0 0.5169753086419753 0.14737654320987653 0.017746913580246913 0.03652263374485597
0 0.6817129629629629 0.15560699588477367 0.033179012345679014 0.026234567901234566
0 0.18287037037037038 0.2528292181069959 0.016203703703703703 0.013888888888888888
0 0.27411265432098764 0.1993312757201646 0.02044753086419753 0.030349794238683128
0 0.18557098765432098 0.2183641975308642 0.027777777777777776 0.025205761316872428
0 0.6261574074074074 0.10648148148148148 0.011574074074074073 0.018518518518518517
0 0.004822530864197531 0.264917695473251 0.005787037037037037 0.015432098765432098
0 0.14814814814814814 0.22247942386831276 0.020833333333333332 0.01903292181069959
0 0.19328703703703703 0.17541152263374485 0.019290123456790122 0.02263374485596708
0 0.2052469135802469 0.13554526748971193 0.005401234567901234 0.010802469135802469
0 0.21392746913580246 0.13297325102880658 0.004243827160493827 0.00565843621399177
0 0.2854938271604938 0.11574074074074074 0.005401234567901234 0.013374485596707819
0 0.2010030864197531 0.14248971193415638 0.010030864197530864 0.00823045267489712
0 0.19849537037037038 0.14917695473251028 0.011959876543209876 0.009259259259259259
0 0.08294753086419752 0.2716049382716049 0.006944444444444444 0.012345679012345678
