0 0.7528935185185185 0.13554526748971193 0.021219135802469136 0.02417695473251029
0 0.1863425925925926 0.24717078189300412 0.014660493827160493 0.026234567901234566
0 0.6195987654320988 0.10596707818930041 0.020833333333333332 0.021604938271604937
0 0.7430555555555556 0.19135802469135801 0.04243827160493827 0.03909465020576132
0 0.19502314814814814 0.25823045267489714 0.01273148148148148 0.02880658436213992
0 0.6568287037037037 0.1368312757201646 0.022762345679012346 0.0257201646090535
0 0.16685956790123457 0.24228395061728394 0.02353395061728395 0.02880658436213992
0 0.02642746913580247 0.2507716049382716 0.008101851851851851 0.01594650205761317
0 0.08333333333333333 0.2708333333333333 0.009259259259259259 0.01594650205761317
0 0.1413966049382716 0.23276748971193414 0.015817901234567902 0.013888888888888888
0 0.1753472222222222 0.1875 0.010416666666666666 0.014917695473251029
0 0.17592592592592593 0.1720679012345679 0.015432098765432098 0.013888888888888888
0 0.1556712962962963 0.1646090534979424 0.013503086419753086 0.01646090534979424
0 0.25810185185185186 0.12654320987654322 0.013888888888888888 0.012345679012345678
