0 0.6824845679012346 0.10570987654320987 0.018518518518518517 0.01800411522633745
0 0.18383487654320987 0.25205761316872427 0.01427469135802469 0.01440329218106996
0 0.18016975308641975 0.26594650205761317 0.022376543209876542 0.0360082304526749
0 0.722608024691358 0.14351851851851852 0.035493827160493825 0.0257201646090535
0 0.7521219135802469 0.1617798353909465 0.019675925925925927 0.01903292181069959
0 0.1550925925925926 0.24331275720164608 0.016203703703703703 0.024691358024691357
0 0.4689429012345679 0.14248971193415638 0.02970679012345679 0.026748971193415638
0 0.06327160493827161 0.28497942386831276 0.023148148148148147 0.023662551440329218
0 0.11535493827160494 0.2448559670781893 0.017746913580246913 0.018518518518518517
0 0.20698302469135801 0.16255144032921812 0.01427469135802469 0.01646090534979424
0 0.17611882716049382 0.15380658436213993 0.010416666666666666 0.012345679012345678
0 0.2037037037037037 0.13657407407407407 0.009259259259259259 0.00977366255144033
0 0.21084104938271606 0.13657407407407407 0.003472222222222222 0.004629629629629629
0 0.22318672839506173 0.13708847736625515 0.008873456790123456 0.010802469135802469
0 0.2654320987654321 0.13425925925925927 0.010030864197530864 0.012345679012345678
0 0.25945216049382713 0.12782921810699588 0.008873456790123456 0.00977366255144033
