0 0.18344907407407407 0.25051440329218105 0.017361111111111112 0.01646090534979424
0 0.27218364197530864 0.18981481481481483 0.02816358024691358 0.0257201646090535
0 0.19212962962962962 0.2770061728395062 0.022376543209876542 0.030349794238683128
0 0.7474922839506173 0.13040123456790123 0.022762345679012346 0.025205761316872428
0 0.6527777777777778 0.1383744855967078 0.02854938271604938 0.0257201646090535
0 0.16203703703703703 0.22813786008230452 0.019290123456790122 0.030349794238683128
0 0.1873070987654321 0.14866255144032922 0.013503086419753086 0.013374485596707819
0 0.11882716049382716 0.24331275720164608 0.009259259259259259 0.01646090534979424
0 0.07523148148148148 0.275977366255144 0.020833333333333332 0.023148148148148147
0 0.22260802469135801 0.1286008230452675 0.010030864197530864 0.009259259259259259
0 0.23707561728395063 0.1455761316872428 0.0073302469135802465 0.01440329218106996
0 0.24691358024691357 0.1484053497942387 0.013117283950617283 0.01286008230452675
0 0.25790895061728397 0.14068930041152264 0.011188271604938271 0.011831275720164609
0 0.7472993827160493 0.16203703703703703 0.014660493827160493 0.01131687242798354
