0 0.19347993827160495 0.25 0.019675925925925927 0.0257201646090535
0 0.7081404320987654 0.11213991769547325 0.03125 0.01954732510288066
0 0.5949074074074074 0.1111111111111111 0.027777777777777776 0.01954732510288066
0 0.1867283950617284 0.22145061728395063 0.014660493827160493 0.02417695473251029
0 0.6763117283950617 0.12705761316872427 0.016975308641975308 0.0257201646090535
0 0.2559799382716049 0.20833333333333334 0.02353395061728395 0.02263374485596708
0 0.7602237654320988 0.19135802469135801 0.03896604938271605 0.03806584362139918
0 0.25675154320987653 0.12962962962962962 0.006558641975308642 0.009259259259259259
0 0.2181712962962963 0.1301440329218107 0.008873456790123456 0.00823045267489712
0 0.1722608024691358 0.1882716049382716 0.008873456790123456 0.015432098765432098
0 0.1404320987654321 0.2322530864197531 0.014660493827160493 0.010802469135802469
0 0.19155092592592593 0.16795267489711935 0.006558641975308642 0.007716049382716049
0 0.11381172839506173 0.18930041152263374 0.006944444444444444 0.0102880658436214
0 0.04436728395061729 0.23868312757201646 0.012345679012345678 0.012345679012345678
0 0.08371913580246913 0.26954732510288065 0.009259259259259259 0.01646090534979424
