0 0.7287808641975309 0.143261316872428 0.023919753086419752 0.028292181069958847
0 0.18267746913580246 0.2523148148148148 0.01427469135802469 0.01286008230452675
0 0.16010802469135801 0.2425411522633745 0.029320987654320986 0.02417695473251029
0 0.47665895061728397 0.143261316872428 0.028935185185185185 0.02417695473251029
0 0.699266975308642 0.10622427983539094 0.024305555555555556 0.01903292181069959
0 0.18518518518518517 0.26157407407407407 0.014660493827160493 0.028292181069958847
0 0.7559799382716049 0.1617798353909465 0.028935185185185185 0.01800411522633745
0 0.11535493827160494 0.2448559670781893 0.017746913580246913 0.018518518518518517
0 0.07677469135802469 0.27649176954732513 0.023919753086419752 0.023148148148148147
0 0.2038966049382716 0.16435185185185186 0.013503086419753086 0.011831275720164609
0 0.1736111111111111 0.15612139917695472 0.010802469135802469 0.01286008230452675
0 0.2017746913580247 0.1368312757201646 0.008487654320987654 0.009259259259259259
0 0.25925925925925924 0.1301440329218107 0.007716049382716049 0.0102880658436214
0 0.22743055555555555 0.13580246913580246 0.005787037037037037 0.009259259259259259
0 0.26774691358024694 0.12037037037037036 0.006944444444444444 0.00720164609053498
0 0.19058641975308643 0.1440329218106996 0.004629629629629629 0.0051440329218107
