0 0.6271219135802469 0.10262345679012345 0.01890432098765432 0.01903292181069959
0 0.6574074074074074 0.17026748971193414 0.020833333333333332 0.03909465020576132
0 0.18364197530864199 0.2525720164609053 0.016203703703703703 0.01646090534979424
0 0.7779706790123457 0.147119341563786 0.03973765432098766 0.026748971193415638
0 0.13599537037037038 0.2656893004115226 0.027391975308641976 0.03137860082304527
0 0.17804783950617284 0.2726337448559671 0.03202160493827161 0.029835390946502057
0 0.6664737654320988 0.14146090534979425 0.022762345679012346 0.024691358024691357
0 0.18036265432098766 0.1823559670781893 0.015046296296296295 0.01903292181069959
0 0.1396604938271605 0.2227366255144033 0.014660493827160493 0.01954732510288066
0 0.08314043209876543 0.27031893004115226 0.008873456790123456 0.01800411522633745
0 0.029320987654320986 0.25 0.012345679012345678 0.012345679012345678
0 0.1720679012345679 0.15843621399176955 0.012345679012345678 0.01440329218106996
0 0.21334876543209877 0.13143004115226337 0.005401234567901234 0.006687242798353909
0 0.27353395061728397 0.11702674897119342 0.005401234567901234 0.011831275720164609
