0 0.6984953703703703 0.10725308641975309 0.01273148148148148 0.020061728395061727
0 0.1558641975308642 0.2440843621399177 0.021604938271604937 0.023148148148148147
0 0.18306327160493827 0.25334362139917693 0.01273148148148148 0.01286008230452675
0 0.19810956790123457 0.2523148148148148 0.02662037037037037 0.028292181069958847
0 0.4845679012345679 0.14146090534979425 0.03780864197530864 0.023662551440329218
0 0.7291666666666666 0.14094650205761317 0.017746913580246913 0.026748971193415638
0 0.753858024691358 0.16203703703703703 0.027777777777777776 0.01646090534979424
0 0.11728395061728394 0.24382716049382716 0.020833333333333332 0.018518518518518517
0 0.171875 0.1566358024691358 0.008101851851851851 0.011831275720164609
0 0.2010030864197531 0.1376028806584362 0.008487654320987654 0.010802469135802469
0 0.21315586419753085 0.1617798353909465 0.013503086419753086 0.01286008230452675
0 0.22800925925925927 0.13425925925925927 0.006944444444444444 0.00823045267489712
0 0.26003086419753085 0.12731481481481483 0.011574074074074073 0.01286008230452675
0 0.27102623456790126 0.1198559670781893 0.008873456790123456 0.009259259259259259
0 0.0775462962962963 0.2700617283950617 0.009259259259259259 0.024691358024691357
0 0.19174382716049382 0.16795267489711935 0.007716049382716049 0.011831275720164609
