0 0.18344907407407407 0.25205761316872427 0.018132716049382717 0.01646090534979424
0 0.7856867283950617 0.14994855967078188 0.03896604938271605 0.029320987654320986
0 0.6261574074074074 0.10236625514403293 0.017746913580246913 0.0205761316872428
0 0.13831018518518517 0.268261316872428 0.02353395061728395 0.03446502057613169
0 0.6672453703703703 0.14171810699588477 0.022762345679012346 0.025205761316872428
0 0.6622299382716049 0.1697530864197531 0.030478395061728395 0.040123456790123455
0 0.17611882716049382 0.27391975308641975 0.03125 0.03755144032921811
0 0.17746913580246915 0.17155349794238683 0.013117283950617283 0.010802469135802469
0 0.18460648148148148 0.18055555555555555 0.015817901234567902 0.01954732510288066
0 0.1402391975308642 0.22376543209876543 0.01427469135802469 0.01954732510288066
0 0.08371913580246913 0.2713477366255144 0.009259259259259259 0.01800411522633745
0 0.02642746913580247 0.25025720164609055 0.008101851851851851 0.01286008230452675
0 0.17380401234567902 0.1574074074074074 0.01273148148148148 0.01440329218106996
0 0.21392746913580246 0.1301440329218107 0.004243827160493827 0.006172839506172839
0 0.27391975308641975 0.11599794238683128 0.008487654320987654 0.00977366255144033
