0 0.7019675925925926 0.1095679012345679 0.01427469135802469 0.02263374485596708
0 0.22241512345679013 0.2294238683127572 0.02199074074074074 0.029835390946502057
0 0.48900462962962965 0.1396604938271605 0.03819444444444445 0.02417695473251029
0 0.1697530864197531 0.24074074074074073 0.03009259259259259 0.0257201646090535
0 0.7083333333333334 0.14429012345679013 0.018518518518518517 0.028292181069958847
0 0.18344907407407407 0.2523148148148148 0.01427469135802469 0.013888888888888888
0 0.7528935185185185 0.16229423868312756 0.02662037037037037 0.020061728395061727
0 0.2621527777777778 0.12602880658436214 0.010416666666666666 0.012345679012345678
0 0.27835648148148145 0.11599794238683128 0.011188271604938271 0.010802469135802469
0 0.2162422839506173 0.1381172839506173 0.010416666666666666 0.01286008230452675
0 0.20003858024691357 0.1381172839506173 0.003472222222222222 0.007716049382716049
0 0.19077932098765432 0.14377572016460904 0.002700617283950617 0.00360082304526749
0 0.171875 0.15689300411522633 0.005787037037037037 0.009259259259259259
0 0.19907407407407407 0.169238683127572 0.018518518518518517 0.01748971193415638
0 0.11921296296296297 0.2368827160493827 0.014660493827160493 0.025205761316872428
0 0.08024691358024691 0.27289094650205764 0.013888888888888888 0.023148148148148147
