0 0.18344907407407407 0.2525720164609053 0.013503086419753086 0.01440329218106996
0 0.6217206790123457 0.1051954732510288 0.016589506172839507 0.022119341563786008
0 0.8402777777777778 0.1720679012345679 0.026234567901234566 0.03137860082304527
0 0.5461033950617284 0.15252057613168724 0.03973765432098766 0.026234567901234566
0 0.7065972222222222 0.15997942386831276 0.02353395061728395 0.0360082304526749
0 0.1849922839506173 0.2692901234567901 0.03202160493827161 0.038580246913580245
0 0.14641203703703703 0.26003086419753085 0.015046296296296295 0.03137860082304527
0 0.1398533950617284 0.2235082304526749 0.011959876543209876 0.020061728395061727
0 0.1884645061728395 0.15123456790123457 0.005787037037037037 0.0102880658436214
0 0.20775462962962962 0.1337448559670782 0.006558641975308642 0.00720164609053498
0 0.27179783950617287 0.11779835390946503 0.005787037037037037 0.0102880658436214
0 0.1892361111111111 0.17618312757201646 0.01427469135802469 0.016975308641975308
0 0.01832561728395062 0.2569444444444444 0.01427469135802469 0.01594650205761317
0 0.08294753086419752 0.27289094650205764 0.007716049382716049 0.014917695473251029
0 0.29398148148148145 0.10725308641975309 0.004629629629629629 0.006687242798353909
