0 0.6182484567901234 0.10622427983539094 0.022762345679012346 0.02109053497942387
0 0.1875 0.2456275720164609 0.013888888888888888 0.028292181069958847
0 0.16358024691358025 0.2425411522633745 0.017746913580246913 0.028292181069958847
0 0.7542438271604939 0.13580246913580246 0.023919753086419752 0.026748971193415638
0 0.6533564814814815 0.1368312757201646 0.015046296296296295 0.024691358024691357
0 0.19868827160493827 0.2566872427983539 0.021604938271604937 0.029835390946502057
0 0.7409336419753086 0.19290123456790123 0.04050925925925926 0.0360082304526749
0 0.08352623456790123 0.27031893004115226 0.006558641975308642 0.013888888888888888
0 0.025270061728395063 0.25051440329218105 0.008101851851851851 0.012345679012345678
0 0.14834104938271606 0.16872427983539096 0.006558641975308642 0.013374485596707819
0 0.1413966049382716 0.23251028806584362 0.016589506172839507 0.01131687242798354
0 0.1714891975308642 0.1882716049382716 0.008101851851851851 0.01440329218106996
0 0.17611882716049382 0.17078189300411523 0.01273148148148148 0.01131687242798354
0 0.26273148148148145 0.12602880658436214 0.012345679012345678 0.01131687242798354
0 0.2222222222222222 0.12731481481481483 0.009259259259259259 0.00977366255144033
