0 0.14544753086419754 0.2620884773662551 0.015432098765432098 0.03137860082304527
0 0.18383487654320987 0.2674897119341564 0.03433641975308642 0.03497942386831276
0 0.8179012345679012 0.15946502057613168 0.032407407407407406 0.030864197530864196
0 0.6222993827160493 0.10313786008230452 0.012345679012345678 0.01903292181069959
0 0.7044753086419753 0.15946502057613168 0.017746913580246913 0.03292181069958848
0 0.18229166666666666 0.25128600823045266 0.01427469135802469 0.013888888888888888
0 0.6359953703703703 0.15946502057613168 0.04436728395061729 0.030864197530864196
0 0.17766203703703703 0.17155349794238683 0.01427469135802469 0.014917695473251029
0 0.1896219135802469 0.1772119341563786 0.01273148148148148 0.020061728395061727
0 0.1400462962962963 0.2235082304526749 0.013117283950617283 0.020061728395061727
0 0.022569444444444444 0.25334362139917693 0.013503086419753086 0.013888888888888888
0 0.17611882716049382 0.1574074074074074 0.01273148148148148 0.015432098765432098
0 0.20814043209876543 0.1332304526748971 0.008873456790123456 0.00823045267489712
0 0.27295524691358025 0.11702674897119342 0.005787037037037037 0.007716049382716049
0 0.08410493827160494 0.27031893004115226 0.007716049382716049 0.013888888888888888
