0 0.15991512345679013 0.24305555555555555 0.027391975308641976 0.023148148148148147
0 0.19753086419753085 0.2528292181069959 0.027777777777777776 0.026234567901234566
0 0.7303240740740741 0.14068930041152264 0.021604938271604937 0.025205761316872428
0 0.6961805555555556 0.10699588477366255 0.01427469135802469 0.01954732510288066
0 0.47955246913580246 0.1427469135802469 0.033179012345679014 0.02417695473251029
0 0.7561728395061729 0.1617798353909465 0.032407407407407406 0.01800411522633745
0 0.18325617283950618 0.2528292181069959 0.013117283950617283 0.01286008230452675
0 0.07600308641975309 0.2736625514403292 0.015432098765432098 0.024691358024691357
0 0.11535493827160494 0.2440843621399177 0.016203703703703703 0.01903292181069959
0 0.1730324074074074 0.15612139917695472 0.005787037037037037 0.011831275720164609
0 0.21064814814814814 0.16152263374485595 0.009259259259259259 0.012345679012345678
0 0.2006172839506173 0.1381172839506173 0.007716049382716049 0.010802469135802469
0 0.19174382716049382 0.14377572016460904 0.0030864197530864196 0.00360082304526749
0 0.22839506172839505 0.13477366255144033 0.008487654320987654 0.00823045267489712
0 0.26948302469135804 0.11934156378600823 0.01273148148148148 0.00823045267489712
0 0.26273148148148145 0.12654320987654322 0.013117283950617283 0.01131687242798354
