0 0.2806712962962963 0.19444444444444445 0.028935185185185185 0.02263374485596708
0 0.6284722222222222 0.10828189300411523 0.011574074074074073 0.01903292181069959
0 0.18267746913580246 0.2525720164609053 0.015817901234567902 0.01440329218106996
0 0.6838348765432098 0.15432098765432098 0.03510802469135803 0.029835390946502057
0 0.1849922839506173 0.22325102880658437 0.01427469135802469 0.02263374485596708
0 0.5135030864197531 0.1463477366255144 0.014660493827160493 0.028292181069958847
0 0.7941743827160493 0.16769547325102882 0.04436728395061729 0.029835390946502057
0 0.21431327160493827 0.13220164609053497 0.003472222222222222 0.006172839506172839
0 0.20543981481481483 0.1368312757201646 0.010416666666666666 0.00823045267489712
0 0.19155092592592593 0.14994855967078188 0.011959876543209876 0.013888888888888888
0 0.28510802469135804 0.11625514403292181 0.006172839506172839 0.01131687242798354
0 0.19309413580246915 0.17309670781893005 0.018132716049382717 0.01800411522633745
0 0.14641203703703703 0.22170781893004116 0.022762345679012346 0.01748971193415638
0 0.005015432098765432 0.26440329218106995 0.006944444444444444 0.018518518518518517
0 0.08294753086419752 0.27237654320987653 0.010030864197530864 0.01594650205761317
