0 0.2623456790123457 0.19444444444444445 0.027777777777777776 0.024691358024691357
0 0.6533564814814815 0.13708847736625515 0.02816358024691358 0.03137860082304527
0 0.7540509259259259 0.1640946502057613 0.028935185185185185 0.01748971193415638
0 0.17380401234567902 0.21965020576131689 0.02353395061728395 0.03292181069958848
0 0.19251543209876543 0.23122427983539096 0.027777777777777776 0.035493827160493825
0 0.904320987654321 0.19830246913580246 0.020833333333333332 0.032407407407407406
0 0.17978395061728394 0.2690329218106996 0.020833333333333332 0.03497942386831276
0 0.05459104938271605 0.2908950617283951 0.02199074074074074 0.030349794238683128
0 0.11824845679012345 0.24794238683127573 0.011188271604938271 0.021604938271604937
0 0.1684027777777778 0.18544238683127573 0.006558641975308642 0.01286008230452675
0 0.2177854938271605 0.16152263374485595 0.016589506172839507 0.01440329218106996
0 0.2322530864197531 0.15560699588477367 0.010802469135802469 0.022119341563786008
0 0.24228395061728394 0.14917695473251028 0.010802469135802469 0.01748971193415638
0 0.2351466049382716 0.12628600823045266 0.003472222222222222 0.004629629629629629
0 0.22800925925925927 0.12654320987654322 0.007716049382716049 0.0102880658436214
0 0.20081018518518517 0.14248971193415638 0.005787037037037037 0.00720164609053498
