0 0.47280092592592593 0.1427469135802469 0.02816358024691358 0.02726337448559671
0 0.18518518518518517 0.261059670781893 0.015432098765432098 0.032407407407407406
0 0.751929012345679 0.16203703703703703 0.024691358024691357 0.018518518518518517
0 0.6954089506172839 0.10699588477366255 0.02353395061728395 0.01954732510288066
0 0.7231867283950617 0.14506172839506173 0.024305555555555556 0.026748971193415638
0 0.15933641975308643 0.24434156378600824 0.02700617283950617 0.021604938271604937
0 0.11516203703703703 0.2456275720164609 0.017361111111111112 0.01800411522633745
0 0.07716049382716049 0.2767489711934156 0.022376543209876542 0.02263374485596708
0 0.2044753086419753 0.16512345679012347 0.013117283950617283 0.013374485596707819
0 0.17341820987654322 0.1550925925925926 0.011959876543209876 0.01286008230452675
0 0.1996527777777778 0.1381172839506173 0.011959876543209876 0.01286008230452675
0 0.22858796296296297 0.13605967078189302 0.005015432098765432 0.010802469135802469
0 0.2671682098765432 0.12191358024691358 0.010416666666666666 0.009259259259259259
0 0.26871141975308643 0.13425925925925927 0.011188271604938271 0.015432098765432098
