0 0.7633101851851852 0.13477366255144033 0.03587962962962963 0.026748971193415638
0 0.6554783950617284 0.1368312757201646 0.014660493827160493 0.023662551440329218
0 0.7507716049382716 0.1918724279835391 0.044753086419753084 0.037037037037037035
0 0.1880787037037037 0.24768518518518517 0.015817901234567902 0.02417695473251029
0 0.16647376543209877 0.24228395061728394 0.021219135802469136 0.03189300411522634
0 0.6182484567901234 0.10648148148148148 0.022762345679012346 0.0205761316872428
0 0.19328703703703703 0.25540123456790126 0.020061728395061727 0.03446502057613169
0 0.14621913580246915 0.1712962962962963 0.006172839506172839 0.012345679012345678
0 0.1408179012345679 0.231738683127572 0.015432098765432098 0.011831275720164609
0 0.1712962962962963 0.18801440329218108 0.006172839506172839 0.014917695473251029
0 0.2042824074074074 0.1368312757201646 0.009645061728395061 0.013374485596707819
0 0.02546296296296296 0.25051440329218105 0.007716049382716049 0.012345679012345678
0 0.26427469135802467 0.12808641975308643 0.007716049382716049 0.009259259259259259
0 0.08333333333333333 0.27031893004115226 0.006944444444444444 0.014917695473251029
