0 0.6847993827160493 0.1455761316872428 0.040123456790123455 0.027777777777777776
0 0.1566358024691358 0.23276748971193414 0.021604938271604937 0.028292181069958847
0 0.28607253086419754 0.18209876543209877 0.025848765432098766 0.02263374485596708
0 0.6824845679012346 0.11033950617283951 0.012345679012345678 0.01800411522633745
0 0.16126543209876543 0.2919238683127572 0.02854938271604938 0.03446502057613169
0 0.7523148148148148 0.16126543209876543 0.029320987654320986 0.020061728395061727
0 0.18364197530864199 0.25205761316872427 0.016975308641975308 0.01748971193415638
0 0.20949074074074073 0.1602366255144033 0.016203703703703703 0.014917695473251029
0 0.21354166666666666 0.14994855967078188 0.0073302469135802465 0.00874485596707819
0 0.0628858024691358 0.2821502057613169 0.010802469135802469 0.02109053497942387
0 0.11940586419753087 0.2412551440329218 0.010416666666666666 0.02263374485596708
0 0.2633101851851852 0.13065843621399176 0.01427469135802469 0.009259259259259259
0 0.25810185185185186 0.1368312757201646 0.011574074074074073 0.01440329218106996
0 0.18229166666666666 0.14994855967078188 0.010416666666666666 0.011831275720164609
0 0.20968364197530864 0.13631687242798354 0.004243827160493827 0.006172839506172839
0 0.21720679012345678 0.1309156378600823 0.010030864197530864 0.013888888888888888
