0 0.16917438271604937 0.2361111111111111 0.01427469135802469 0.027777777777777776
0 0.6714891975308642 0.12885802469135801 0.01427469135802469 0.025205761316872428
0 0.7567515432098766 0.1918724279835391 0.048996913580246916 0.04218106995884774
0 0.7249228395061729 0.11342592592592593 0.022376543209876542 0.01903292181069959
0 0.6072530864197531 0.10725308641975309 0.02546296296296296 0.020061728395061727
0 0.19444444444444445 0.24974279835390947 0.017746913580246913 0.02417695473251029
0 0.234375 0.21784979423868311 0.022762345679012346 0.028292181069958847
0 0.16859567901234568 0.19058641975308643 0.012345679012345678 0.01800411522633745
0 0.1413966049382716 0.23328189300411523 0.015817901234567902 0.01286008230452675
0 0.08487654320987655 0.27237654320987653 0.010802469135802469 0.01594650205761317
0 0.03993055555555555 0.24151234567901234 0.01273148148148148 0.01594650205761317
0 0.11805555555555555 0.18569958847736626 0.010802469135802469 0.012345679012345678
0 0.17669753086419754 0.17181069958847736 0.013117283950617283 0.01131687242798354
0 0.21296296296296297 0.1332304526748971 0.007716049382716049 0.01131687242798354
0 0.25887345679012347 0.12782921810699588 0.010802469135802469 0.016975308641975308
