0 0.7974537037037037 0.1527777777777778 0.033950617283950615 0.026748971193415638
0 0.16550925925925927 0.22608024691358025 0.020061728395061727 0.029320987654320986
0 0.6518132716049383 0.13786008230452676 0.025848765432098766 0.024691358024691357
0 0.18344907407407407 0.25180041152263377 0.015817901234567902 0.014917695473251029
0 0.7536651234567902 0.16589506172839505 0.02970679012345679 0.020061728395061727
0 0.19290123456790123 0.2718621399176955 0.02700617283950617 0.029320987654320986
0 0.2698688271604938 0.18930041152263374 0.02507716049382716 0.026748971193415638
0 0.07696759259259259 0.2692901234567901 0.02044753086419753 0.030349794238683128
0 0.11863425925925926 0.2440843621399177 0.008873456790123456 0.01800411522633745
0 0.2542438271604938 0.1427469135802469 0.009259259259259259 0.01286008230452675
0 0.24035493827160495 0.14891975308641975 0.006944444444444444 0.014917695473251029
0 0.24537037037037038 0.14969135802469136 0.007716049382716049 0.01440329218106996
0 0.22955246913580246 0.12885802469135801 0.0030864197530864196 0.004629629629629629
0 0.19386574074074073 0.14506172839506173 0.008873456790123456 0.0102880658436214
0 0.22588734567901234 0.1257716049382716 0.006558641975308642 0.007716049382716049
