0 0.5497685185185185 0.14686213991769548 0.020833333333333332 0.026234567901234566
0 0.6726466049382716 0.1478909465020576 0.013503086419753086 0.029320987654320986
0 0.8090277777777778 0.18852880658436214 0.04243827160493827 0.047839506172839504
0 0.8742283950617284 0.17669753086419754 0.018518518518518517 0.04063786008230453
0 0.5900848765432098 0.11059670781893004 0.02507716049382716 0.026748971193415638
0 0.6385030864197531 0.12757201646090535 0.013888888888888888 0.023662551440329218
0 0.6342592592592593 0.15997942386831276 0.016203703703703703 0.02880658436213992
0 0.699266975308642 0.15303497942386832 0.019675925925925927 0.03446502057613169
0 0.10860339506172839 0.20190329218106995 0.013503086419753086 0.016975308641975308
0 0.06365740740740741 0.22376543209876543 0.007716049382716049 0.01440329218106996
0 0.031057098765432098 0.2412551440329218 0.006558641975308642 0.012345679012345678
