0 0.18287037037037038 0.2528292181069959 0.016203703703703703 0.01594650205761317
0 0.16030092592592593 0.22890946502057613 0.015046296296296295 0.027777777777777776
0 0.7287808641975309 0.12654320987654322 0.032407407407407406 0.02263374485596708
0 0.27565586419753085 0.18544238683127573 0.02353395061728395 0.030349794238683128
0 0.1886574074074074 0.27983539094650206 0.017746913580246913 0.033950617283950615
0 0.7536651234567902 0.16563786008230452 0.027391975308641976 0.0205761316872428
0 0.6697530864197531 0.1381172839506173 0.032407407407407406 0.02726337448559671
0 0.07253086419753087 0.27752057613168724 0.017746913580246913 0.01903292181069959
0 0.11670524691358025 0.24459876543209877 0.011188271604938271 0.02109053497942387
0 0.24459876543209877 0.1383744855967078 0.013117283950617283 0.0102880658436214
0 0.26022376543209874 0.13991769547325103 0.010416666666666666 0.012345679012345678
0 0.24363425925925927 0.14891975308641975 0.015046296296296295 0.013888888888888888
0 0.18557098765432098 0.1484053497942387 0.010802469135802469 0.01286008230452675
0 0.18171296296296297 0.1882716049382716 0.015432098765432098 0.01954732510288066
