0 0.6892361111111112 0.11445473251028807 0.02044753086419753 0.020061728395061727
0 0.2822145061728395 0.1838991769547325 0.02507716049382716 0.026234567901234566
0 0.16454475308641975 0.29140946502057613 0.04050925925925926 0.038580246913580245
0 0.1572145061728395 0.2309670781893004 0.021219135802469136 0.03292181069958848
0 0.18344907407407407 0.25102880658436216 0.016589506172839507 0.018518518518518517
0 0.7498070987654321 0.1640946502057613 0.022762345679012346 0.01646090534979424
0 0.6840277777777778 0.14454732510288065 0.02546296296296296 0.02880658436213992
0 0.21431327160493827 0.15997942386831276 0.010416666666666666 0.018518518518518517
0 0.20968364197530864 0.15946502057613168 0.015817901234567902 0.01748971193415638
0 0.26176697530864196 0.13168724279835392 0.005787037037037037 0.00823045267489712
0 0.25559413580246915 0.1376028806584362 0.008873456790123456 0.020061728395061727
0 0.21045524691358025 0.13580246913580246 0.003472222222222222 0.006172839506172839
0 0.2199074074074074 0.13040123456790123 0.010802469135802469 0.01286008230452675
0 0.18190586419753085 0.14891975308641975 0.01273148148148148 0.016975308641975308
0 0.11998456790123457 0.24331275720164608 0.010802469135802469 0.01748971193415638
0 0.06385030864197531 0.2839506172839506 0.011188271604938271 0.023662551440329218
