0 0.7021604938271605 0.10905349794238683 0.011574074074074073 0.018518518518518517
0 0.1684027777777778 0.2397119341563786 0.02662037037037037 0.024691358024691357
0 0.18344907407407407 0.2528292181069959 0.01427469135802469 0.01286008230452675
0 0.4913194444444444 0.1383744855967078 0.03819444444444445 0.0257201646090535
0 0.22415123456790123 0.22453703703703703 0.016203703703703703 0.03343621399176955
0 0.7528935185185185 0.16075102880658437 0.021219135802469136 0.01800411522633745
0 0.7065972222222222 0.14506172839506173 0.015817901234567902 0.02880658436213992
0 0.2787422839506173 0.11676954732510288 0.009645061728395061 0.0102880658436214
0 0.26157407407407407 0.12551440329218108 0.009259259259259259 0.01131687242798354
0 0.21643518518518517 0.13786008230452676 0.010030864197530864 0.013374485596707819
0 0.20042438271604937 0.1368312757201646 0.004243827160493827 0.009259259259259259
0 0.1720679012345679 0.15689300411522633 0.006944444444444444 0.0102880658436214
0 0.19868827160493827 0.16795267489711935 0.016975308641975308 0.01594650205761317
0 0.11882716049382716 0.23508230452674897 0.014660493827160493 0.0257201646090535
0 0.08159722222222222 0.2713477366255144 0.013503086419753086 0.01800411522633745
