0 0.13233024691358025 0.2713477366255144 0.023148148148148147 0.030349794238683128
0 0.18344907407407407 0.26080246913580246 0.015046296296296295 0.029835390946502057
0 0.6603009259259259 0.13991769547325103 0.01890432098765432 0.024691358024691357
0 0.6307870370370371 0.10108024691358025 0.017746913580246913 0.01594650205761317
0 0.7714120370370371 0.14531893004115226 0.03819444444444445 0.02417695473251029
0 0.7357253086419753 0.1934156378600823 0.05401234567901234 0.0411522633744856
0 0.25945216049382713 0.12139917695473251 0.010416666666666666 0.0102880658436214
0 0.16801697530864199 0.15997942386831276 0.01273148148148148 0.012345679012345678
0 0.17939814814814814 0.17103909465020575 0.006944444444444444 0.013888888888888888
0 0.17689043209876543 0.18441358024691357 0.010416666666666666 0.01286008230452675
0 0.1392746913580247 0.22247942386831276 0.013117283950617283 0.01903292181069959
0 0.03375771604938271 0.24614197530864199 0.009645061728395061 0.010802469135802469
