0 0.6606867283950617 0.16820987654320987 0.02507716049382716 0.04526748971193416
0 0.7910879629629629 0.15020576131687244 0.03587962962962963 0.027777777777777776
0 0.18132716049382716 0.25128600823045266 0.016203703703703703 0.013888888888888888
0 0.6657021604938271 0.13863168724279834 0.02662037037037037 0.03343621399176955
0 0.1408179012345679 0.2631172839506173 0.023919753086419752 0.032407407407407406
0 0.17862654320987653 0.26851851851851855 0.033950617283950615 0.03189300411522634
0 0.6217206790123457 0.10210905349794239 0.011959876543209876 0.020061728395061727
0 0.27353395061728397 0.11599794238683128 0.006944444444444444 0.01286008230452675
0 0.21315586419753085 0.13220164609053497 0.005015432098765432 0.006172839506172839
0 0.20775462962962962 0.13425925925925927 0.002700617283950617 0.0030864197530864196
0 0.08198302469135803 0.2692901234567901 0.006558641975308642 0.01903292181069959
0 0.028356481481481483 0.24948559670781892 0.010416666666666666 0.01131687242798354
0 0.1396604938271605 0.2242798353909465 0.014660493827160493 0.01954732510288066
0 0.1873070987654321 0.1779835390946502 0.015046296296296295 0.0205761316872428
0 0.1743827160493827 0.15766460905349794 0.013117283950617283 0.01594650205761317
