0 0.6529706790123457 0.13786008230452676 0.015046296296296295 0.0257201646090535
0 0.6278935185185185 0.10416666666666667 0.025848765432098766 0.01903292181069959
0 0.19753086419753085 0.2543724279835391 0.035493827160493825 0.026234567901234566
0 0.15991512345679013 0.24665637860082304 0.013503086419753086 0.026234567901234566
0 0.7523148148148148 0.13734567901234568 0.016975308641975308 0.024691358024691357
0 0.7401620370370371 0.19290123456790123 0.04822530864197531 0.0360082304526749
0 0.1892361111111111 0.24382716049382716 0.03665123456790124 0.030864197530864196
0 0.1730324074074074 0.18595679012345678 0.008101851851851851 0.013888888888888888
0 0.17746913580246915 0.17258230452674897 0.008487654320987654 0.01286008230452675
0 0.16454475308641975 0.1602366255144033 0.0073302469135802465 0.011831275720164609
0 0.1392746913580247 0.22402263374485595 0.015432098765432098 0.02109053497942387
0 0.08391203703703703 0.2705761316872428 0.008873456790123456 0.01440329218106996
0 0.035493827160493825 0.2463991769547325 0.006944444444444444 0.012345679012345678
0 0.21412037037037038 0.1324588477366255 0.004629629629629629 0.00565843621399177
0 0.23283179012345678 0.12139917695473251 0.011188271604938271 0.0102880658436214
0 0.2550154320987654 0.12808641975308643 0.009259259259259259 0.012345679012345678
