0 0.5931712962962963 0.15380658436213993 0.01427469135802469 0.03189300411522634
0 0.6402391975308642 0.1597222222222222 0.03279320987654321 0.02417695473251029
0 0.7004243827160493 0.14429012345679013 0.018132716049382717 0.03137860082304527
0 0.8761574074074074 0.17669753086419754 0.019290123456790122 0.04063786008230453
0 0.6400462962962963 0.12782921810699588 0.018518518518518517 0.022119341563786008
0 0.7866512345679012 0.1815843621399177 0.04552469135802469 0.04218106995884774
0 0.5873842592592593 0.10982510288065844 0.022762345679012346 0.026234567901234566
0 0.7310956790123457 0.20164609053497942 0.02546296296296296 0.04938271604938271
0 0.17669753086419754 0.18209876543209877 0.010802469135802469 0.015432098765432098
0 0.09780092592592593 0.2440843621399177 0.018132716049382717 0.023148148148148147
0 0.05497685185185185 0.28960905349794236 0.015046296296296295 0.023662551440329218
0 0.03742283950617284 0.30426954732510286 0.014660493827160493 0.030349794238683128
0 0.019097222222222224 0.32510288065843623 0.01890432098765432 0.029835390946502057
