0 0.2044753086419753 0.24845679012345678 0.029320987654320986 0.02880658436213992
0 0.16493055555555555 0.2417695473251029 0.03202160493827161 0.026748971193415638
0 0.7316743827160493 0.13940329218106995 0.01890432098765432 0.0257201646090535
0 0.18344907407407407 0.25334362139917693 0.015817901234567902 0.01594650205761317
0 0.6977237654320988 0.10751028806584362 0.013503086419753086 0.01954732510288066
0 0.7517361111111112 0.15946502057613168 0.022762345679012346 0.01748971193415638
0 0.4851466049382716 0.1419753086419753 0.03973765432098766 0.0257201646090535
0 0.07889660493827161 0.2705761316872428 0.013503086419753086 0.021604938271604937
0 0.11612654320987655 0.2440843621399177 0.018518518518518517 0.020061728395061727
0 0.171875 0.15637860082304528 0.005787037037037037 0.0102880658436214
0 0.21334876543209877 0.16152263374485595 0.010802469135802469 0.0102880658436214
0 0.20081018518518517 0.1381172839506173 0.005015432098765432 0.00977366255144033
0 0.22916666666666666 0.1345164609053498 0.006172839506172839 0.00977366255144033
0 0.25983796296296297 0.12680041152263374 0.011959876543209876 0.011831275720164609
0 0.27044753086419754 0.1190843621399177 0.007716049382716049 0.007716049382716049
