0 0.18344907407407407 0.25128600823045266 0.015817901234567902 0.013888888888888888
0 0.7264660493827161 0.14429012345679013 0.035493827160493825 0.026234567901234566
0 0.18306327160493827 0.26286008230452673 0.015046296296296295 0.029835390946502057
0 0.7511574074074074 0.16126543209876543 0.023148148148148147 0.020061728395061727
0 0.6820987654320988 0.10545267489711935 0.020061728395061727 0.018518518518518517
0 0.4670138888888889 0.14171810699588477 0.027391975308641976 0.02726337448559671
0 0.1556712962962963 0.24305555555555555 0.017361111111111112 0.025205761316872428
0 0.06867283950617284 0.28343621399176955 0.022376543209876542 0.01954732510288066
0 0.11728395061728394 0.24459876543209877 0.021604938271604937 0.01800411522633745
0 0.17611882716049382 0.15406378600823045 0.010416666666666666 0.011831275720164609
0 0.2037037037037037 0.13554526748971193 0.010802469135802469 0.011831275720164609
0 0.21141975308641975 0.13708847736625515 0.0038580246913580245 0.006687242798353909
0 0.2056327160493827 0.16126543209876543 0.016975308641975308 0.014917695473251029
0 0.22492283950617284 0.13708847736625515 0.011574074074074073 0.010802469135802469
0 0.2660108024691358 0.13271604938271606 0.013503086419753086 0.015432098765432098
0 0.2604166666666667 0.12834362139917696 0.006172839506172839 0.00977366255144033
0 0.2542438271604938 0.13040123456790123 0.004629629629629629 0.00565843621399177
