0 0.16531635802469136 0.2417695473251029 0.03125 0.0257201646090535
0 0.1996527777777778 0.24948559670781892 0.018132716049382717 0.030864197530864196
0 0.6984953703703703 0.10776748971193416 0.013503086419753086 0.01903292181069959
0 0.4851466049382716 0.1404320987654321 0.03819444444444445 0.024691358024691357
0 0.7158564814814815 0.143261316872428 0.03587962962962963 0.028292181069958847
0 0.753858024691358 0.1617798353909465 0.026234567901234566 0.01800411522633745
0 0.1840277777777778 0.25308641975308643 0.013888888888888888 0.01440329218106996
0 0.08121141975308642 0.2708333333333333 0.019675925925925927 0.020061728395061727
0 0.11728395061728394 0.2412551440329218 0.016975308641975308 0.024691358024691357
0 0.2019675925925926 0.16898148148148148 0.017361111111111112 0.01903292181069959
0 0.171875 0.1558641975308642 0.005015432098765432 0.009259259259259259
0 0.20023148148148148 0.1368312757201646 0.004629629629629629 0.009259259259259259
0 0.22762345679012347 0.1352880658436214 0.007716049382716049 0.009259259259259259
0 0.2629243827160494 0.12680041152263374 0.013503086419753086 0.011831275720164609
0 0.279320987654321 0.11728395061728394 0.012345679012345678 0.0102880658436214
0 0.1900077160493827 0.14480452674897118 0.002700617283950617 0.004629629629629629
