0 0.6280864197530864 0.10210905349794239 0.021604938271604937 0.01903292181069959
0 0.17689043209876543 0.27546296296296297 0.028935185185185185 0.041666666666666664
0 0.7847222222222222 0.14866255144032922 0.03780864197530864 0.027777777777777776
0 0.13676697530864199 0.26851851851851855 0.02970679012345679 0.03189300411522634
0 0.6614583333333334 0.17001028806584362 0.028935185185185185 0.042695473251028807
0 0.18325617283950618 0.25180041152263377 0.016975308641975308 0.014917695473251029
0 0.6674382716049383 0.1412037037037037 0.029320987654320986 0.026234567901234566
0 0.1394675925925926 0.22299382716049382 0.013503086419753086 0.01800411522633745
0 0.027199074074074073 0.25051440329218105 0.008873456790123456 0.009259259259259259
0 0.18209876543209877 0.18132716049382716 0.013888888888888888 0.01594650205761317
0 0.1743827160493827 0.15715020576131689 0.010802469135802469 0.01286008230452675
0 0.27334104938271603 0.11651234567901235 0.0073302469135802465 0.00977366255144033
0 0.21277006172839505 0.1309156378600823 0.009645061728395061 0.00977366255144033
0 0.08294753086419752 0.27109053497942387 0.010030864197530864 0.018518518518518517
