0 0.4689429012345679 0.14248971193415638 0.03356481481481482 0.026748971193415638
0 0.1550925925925926 0.24331275720164608 0.017746913580246913 0.0257201646090535
0 0.7534722222222222 0.16332304526748972 0.024691358024691357 0.016975308641975308
0 0.6828703703703703 0.10570987654320987 0.016975308641975308 0.01800411522633745
0 0.7202932098765432 0.14223251028806586 0.035493827160493825 0.028292181069958847
0 0.1840277777777778 0.25205761316872427 0.013888888888888888 0.01440329218106996
0 0.18016975308641975 0.2662037037037037 0.022376543209876542 0.03446502057613169
0 0.22395833333333334 0.1376028806584362 0.010416666666666666 0.00977366255144033
0 0.265625 0.13425925925925927 0.011188271604938271 0.01440329218106996
0 0.25945216049382713 0.12757201646090535 0.010416666666666666 0.009259259259259259
0 0.20640432098765432 0.16229423868312756 0.013888888888888888 0.01594650205761317
0 0.2040895061728395 0.13605967078189302 0.010030864197530864 0.011831275720164609
0 0.17746913580246915 0.15200617283950618 0.007716049382716049 0.010802469135802469
0 0.11612654320987655 0.2456275720164609 0.019290123456790122 0.020061728395061727
0 0.06346450617283951 0.286522633744856 0.024305555555555556 0.024691358024691357
