0 0.7970679012345679 0.1522633744855967 0.024691358024691357 0.026748971193415638
0 0.6655092592592593 0.1383744855967078 0.02546296296296296 0.033950617283950615
0 0.6516203703703703 0.16126543209876543 0.024691358024691357 0.03652263374485597
0 0.17746913580246915 0.26954732510288065 0.032407407407407406 0.03189300411522634
0 0.14718364197530864 0.26363168724279834 0.016589506172839507 0.030349794238683128
0 0.6217206790123457 0.10365226337448559 0.011959876543209876 0.022119341563786008
0 0.18229166666666666 0.25051440329218105 0.018132716049382717 0.01646090534979424
0 0.1865354938271605 0.17772633744855967 0.015817901234567902 0.02109053497942387
0 0.17380401234567902 0.1574074074074074 0.01273148148148148 0.01440329218106996
0 0.1392746913580247 0.22299382716049382 0.013888888888888888 0.016975308641975308
0 0.02700617283950617 0.24948559670781892 0.011574074074074073 0.01131687242798354
0 0.27391975308641975 0.11599794238683128 0.006172839506172839 0.00874485596707819
0 0.21315586419753085 0.13143004115226337 0.005787037037037037 0.00565843621399177
0 0.08333333333333333 0.2713477366255144 0.007716049382716049 0.016975308641975308
