0 0.6628086419753086 0.14017489711934156 0.019290123456790122 0.023148148148148147
0 0.7704475308641975 0.1455761316872428 0.03935185185185185 0.02263374485596708
0 0.13676697530864199 0.2705761316872428 0.025848765432098766 0.037037037037037035
0 0.6741898148148148 0.1779835390946502 0.02507716049382716 0.04218106995884774
0 0.18422067901234568 0.25102880658436216 0.01273148148148148 0.013374485596707819
0 0.18344907407407407 0.26337448559670784 0.015046296296296295 0.03189300411522634
0 0.6259645061728395 0.10082304526748971 0.010416666666666666 0.01646090534979424
0 0.2663966049382716 0.1190843621399177 0.01273148148148148 0.01286008230452675
0 0.22241512345679013 0.12834362139917696 0.011959876543209876 0.010802469135802469
0 0.1693672839506173 0.15895061728395063 0.008487654320987654 0.01131687242798354
0 0.17746913580246915 0.17232510288065844 0.012345679012345678 0.013374485596707819
0 0.17959104938271606 0.18441358024691357 0.015817901234567902 0.01903292181069959
0 0.1396604938271605 0.22376543209876543 0.014660493827160493 0.01748971193415638
0 0.03202160493827161 0.24717078189300412 0.009259259259259259 0.00977366255144033
0 0.08371913580246913 0.2705761316872428 0.007716049382716049 0.01440329218106996
