0 0.6321373456790124 0.10905349794238683 0.01427469135802469 0.0205761316872428
0 0.18383487654320987 0.25385802469135804 0.016589506172839507 0.01594650205761317
0 0.18306327160493827 0.22582304526748972 0.01273148148148148 0.023662551440329218
0 0.7876157407407407 0.169238683127572 0.04436728395061729 0.0360082304526749
0 0.5111882716049383 0.14454732510288065 0.016975308641975308 0.030864197530864196
0 0.6824845679012346 0.1522633744855967 0.035493827160493825 0.027777777777777776
0 0.27353395061728397 0.19675925925925927 0.029320987654320986 0.023148148148148147
0 0.16203703703703703 0.21630658436213993 0.013888888888888888 0.01903292181069959
0 0.006558641975308642 0.26414609053497945 0.010030864197530864 0.01903292181069959
0 0.19483024691358025 0.17181069958847736 0.019290123456790122 0.01646090534979424
0 0.2862654320987654 0.11754115226337448 0.006944444444444444 0.007716049382716049
0 0.28337191358024694 0.11445473251028807 0.005015432098765432 0.006687242798353909
0 0.2006172839506173 0.13708847736625515 0.0038580246913580245 0.007716049382716049
0 0.2042824074074074 0.13786008230452676 0.003472222222222222 0.0051440329218107
0 0.1886574074074074 0.14866255144032922 0.013117283950617283 0.0102880658436214
0 0.18981481481481483 0.15200617283950618 0.006172839506172839 0.006687242798353909
