0 0.7029320987654321 0.15792181069958847 0.016975308641975308 0.040123456790123455
0 0.625 0.10416666666666667 0.010802469135802469 0.016975308641975308
0 0.5210262345679012 0.15612139917695472 0.015817901234567902 0.030349794238683128
0 0.21373456790123457 0.24794238683127573 0.019290123456790122 0.03806584362139918
0 0.18287037037037038 0.2525720164609053 0.016203703703703703 0.01440329218106996
0 0.8377700617283951 0.1720679012345679 0.025848765432098766 0.028292181069958847
0 0.15914351851851852 0.24279835390946503 0.02507716049382716 0.037037037037037035
0 0.01099537037037037 0.2623456790123457 0.013503086419753086 0.012345679012345678
0 0.1394675925925926 0.22505144032921812 0.015817901234567902 0.020061728395061727
0 0.08333333333333333 0.27211934156378603 0.010030864197530864 0.013374485596707819
0 0.19155092592592593 0.17463991769547324 0.01890432098765432 0.02109053497942387
0 0.19020061728395063 0.15097736625514405 0.010802469135802469 0.013888888888888888
0 0.20582561728395063 0.13477366255144033 0.008873456790123456 0.0102880658436214
0 0.26948302469135804 0.1198559670781893 0.008873456790123456 0.0102880658436214
