0 0.8260030864197531 0.1712962962962963 0.035493827160493825 0.03189300411522634
0 0.18364197530864199 0.2528292181069959 0.016975308641975308 0.01800411522633745
0 0.6259645061728395 0.10622427983539094 0.011188271604938271 0.022119341563786008
0 0.6952160493827161 0.15715020576131689 0.031635802469135804 0.030349794238683128
0 0.5183256172839507 0.14969135802469136 0.01890432098765432 0.033950617283950615
0 0.18460648148148148 0.22170781893004116 0.022762345679012346 0.03497942386831276
0 0.2633101851851852 0.205761316872428 0.027391975308641976 0.0360082304526749
0 0.08314043209876543 0.27391975308641975 0.010416666666666666 0.01903292181069959
0 0.005015432098765432 0.26440329218106995 0.007716049382716049 0.01748971193415638
0 0.1400462962962963 0.22376543209876543 0.013888888888888888 0.0205761316872428
0 0.19290123456790123 0.17592592592592593 0.016203703703703703 0.021604938271604937
0 0.1996527777777778 0.14223251028806586 0.006558641975308642 0.00874485596707819
0 0.19695216049382716 0.1484053497942387 0.005787037037037037 0.00977366255144033
0 0.20621141975308643 0.13400205761316872 0.005015432098765432 0.007716049382716049
0 0.21084104938271606 0.1345164609053498 0.004243827160493827 0.004629629629629629
0 0.2650462962962963 0.12242798353909465 0.007716049382716049 0.0102880658436214
