0 0.6888503086419753 0.10622427983539094 0.02507716049382716 0.01903292181069959
0 0.751929012345679 0.16255144032921812 0.027777777777777776 0.01646090534979424
0 0.1840277777777778 0.25180041152263377 0.019290123456790122 0.01800411522633745
0 0.6954089506172839 0.14377572016460904 0.03356481481481482 0.02726337448559671
0 0.16550925925925927 0.2839506172839506 0.02546296296296296 0.037037037037037035
0 0.3101851851851852 0.17541152263374485 0.033950617283950615 0.026748971193415638
0 0.15239197530864199 0.24356995884773663 0.019290123456790122 0.029320987654320986
0 0.06751543209876543 0.28266460905349794 0.018518518518518517 0.016975308641975308
0 0.11477623456790123 0.24382716049382716 0.010416666666666666 0.01646090534979424
0 0.20833333333333334 0.16152263374485595 0.016203703703703703 0.01646090534979424
0 0.2189429012345679 0.1412037037037037 0.010416666666666666 0.00977366255144033
0 0.2065972222222222 0.13477366255144033 0.008101851851851851 0.012345679012345678
0 0.17862654320987653 0.15097736625514405 0.011574074074074073 0.014917695473251029
0 0.26273148148148145 0.12962962962962962 0.006944444444444444 0.00720164609053498
0 0.26099537037037035 0.1388888888888889 0.011188271604938271 0.012345679012345678
