0 0.7451774691358025 0.19290123456790123 0.04822530864197531 0.03909465020576132
0 0.7555941358024691 0.13631687242798354 0.02662037037037037 0.024691358024691357
0 0.6545138888888888 0.1388888888888889 0.015046296296296295 0.02263374485596708
0 0.19618055555555555 0.25540123456790126 0.027391975308641976 0.029320987654320986
0 0.6251929012345679 0.10493827160493827 0.021219135802469136 0.018518518518518517
0 0.17997685185185186 0.2440843621399177 0.016589506172839507 0.030349794238683128
0 0.16107253086419754 0.24614197530864199 0.01273148148148148 0.02726337448559671
0 0.08333333333333333 0.2716049382716049 0.007716049382716049 0.01440329218106996
0 0.03298611111111111 0.24768518518518517 0.008873456790123456 0.014917695473251029
0 0.1413966049382716 0.23070987654320987 0.01427469135802469 0.011831275720164609
0 0.1743827160493827 0.18724279835390947 0.010802469135802469 0.013374485596707819
0 0.17554012345679013 0.17181069958847736 0.013888888888888888 0.012345679012345678
0 0.1597222222222222 0.16152263374485595 0.008487654320987654 0.012345679012345678
0 0.25848765432098764 0.12731481481481483 0.012345679012345678 0.011831275720164609
0 0.23804012345679013 0.12139917695473251 0.007716049382716049 0.009259259259259259
