0 0.6876929012345679 0.10596707818930041 0.01890432098765432 0.01748971193415638
0 0.7532793209876543 0.16229423868312756 0.027391975308641976 0.016975308641975308
0 0.6977237654320988 0.14480452674897118 0.03819444444444445 0.026234567901234566
0 0.15200617283950618 0.2448559670781893 0.013888888888888888 0.023662551440329218
0 0.18460648148148148 0.25102880658436216 0.01890432098765432 0.01440329218106996
0 0.3433641975308642 0.16332304526748972 0.032407407407407406 0.023148148148148147
0 0.17631172839506173 0.2736625514403292 0.03009259259259259 0.0257201646090535
0 0.07021604938271606 0.2813786008230453 0.026234567901234566 0.0205761316872428
0 0.11574074074074074 0.2417695473251029 0.010030864197530864 0.0205761316872428
0 0.20736882716049382 0.16229423868312756 0.01427469135802469 0.01286008230452675
0 0.2052469135802469 0.13580246913580246 0.010030864197530864 0.012345679012345678
0 0.21045524691358025 0.13580246913580246 0.003472222222222222 0.006172839506172839
0 0.22202932098765432 0.13863168724279834 0.009645061728395061 0.011831275720164609
0 0.2629243827160494 0.13708847736625515 0.011188271604938271 0.01286008230452675
0 0.17901234567901234 0.1522633744855967 0.011574074074074073 0.012345679012345678
0 0.2623456790123457 0.12680041152263374 0.005401234567901234 0.006687242798353909
0 0.18904320987654322 0.17258230452674897 0.010030864197530864 0.020061728395061727
