0 0.7471064814814815 0.1646090534979424 0.017361111111111112 0.015432098765432098
0 0.19232253086419754 0.27289094650205764 0.021219135802469136 0.026234567901234566
0 0.27276234567901236 0.18878600823045266 0.024691358024691357 0.024691358024691357
0 0.16435185185185186 0.2242798353909465 0.020061728395061727 0.024691358024691357
0 0.18344907407407407 0.25205761316872427 0.017361111111111112 0.015432098765432098
0 0.6485339506172839 0.1383744855967078 0.017746913580246913 0.0257201646090535
0 0.7918595679012346 0.14994855967078188 0.03202160493827161 0.02726337448559671
0 0.07600308641975309 0.2741769547325103 0.022376543209876542 0.02263374485596708
0 0.11844135802469136 0.24382716049382716 0.010030864197530864 0.01748971193415638
0 0.19405864197530864 0.14454732510288065 0.007716049382716049 0.009259259259259259
0 0.23996913580246915 0.14943415637860083 0.013117283950617283 0.016975308641975308
0 0.25636574074074076 0.1412037037037037 0.011959876543209876 0.013888888888888888
