0 0.22511574074074073 0.2322530864197531 0.021219135802469136 0.030349794238683128
0 0.6983024691358025 0.1566358024691358 0.03935185185185185 0.03137860082304527
0 0.18344907407407407 0.25308641975308643 0.016589506172839507 0.015432098765432098
0 0.5223765432098766 0.15457818930041153 0.015432098765432098 0.030349794238683128
0 0.17380401234567902 0.2286522633744856 0.02199074074074074 0.029320987654320986
0 0.6238425925925926 0.10648148148148148 0.016975308641975308 0.01954732510288066
0 0.8425925925925926 0.1743827160493827 0.037037037037037035 0.03189300411522634
0 0.008680555555555556 0.26337448559670784 0.010416666666666666 0.013374485596707819
0 0.1413966049382716 0.22505144032921812 0.011188271604938271 0.023148148148148147
0 0.19193672839506173 0.17309670781893005 0.019675925925925927 0.01800411522633745
0 0.19135802469135801 0.15046296296296297 0.010802469135802469 0.013888888888888888
0 0.20601851851851852 0.1337448559670782 0.005401234567901234 0.00823045267489712
0 0.21122685185185186 0.13400205761316872 0.003472222222222222 0.00360082304526749
0 0.2683256172839506 0.1206275720164609 0.005787037037037037 0.00874485596707819
0 0.08333333333333333 0.27237654320987653 0.007716049382716049 0.013888888888888888
