0 0.7309027777777778 0.14094650205761317 0.024305555555555556 0.027777777777777776
0 0.7006172839506173 0.10673868312757202 0.02546296296296296 0.01903292181069959
0 0.7550154320987654 0.16152263374485595 0.031635802469135804 0.018518518518518517
0 0.15991512345679013 0.24356995884773663 0.028935185185185185 0.022119341563786008
0 0.18518518518518517 0.2602880658436214 0.016203703703703703 0.030864197530864196
0 0.4783950617283951 0.1440329218106996 0.031635802469135804 0.023662551440329218
0 0.11496913580246913 0.2440843621399177 0.019290123456790122 0.016975308641975308
0 0.0775462962962963 0.27649176954732513 0.026234567901234566 0.02109053497942387
0 0.1739969135802469 0.1550925925925926 0.010802469135802469 0.011831275720164609
0 0.19155092592592593 0.14454732510288065 0.004243827160493827 0.0051440329218107
0 0.20081018518518517 0.1381172839506173 0.010416666666666666 0.010802469135802469
0 0.203125 0.16332304526748972 0.015817901234567902 0.014917695473251029
0 0.25829475308641975 0.12911522633744857 0.009645061728395061 0.0102880658436214
0 0.2692901234567901 0.12011316872427984 0.005401234567901234 0.00565843621399177
0 0.22820216049382716 0.1368312757201646 0.0073302469135802465 0.0102880658436214
