0 0.6186342592592593 0.10339506172839506 0.01890432098765432 0.018518518518518517
0 0.6508487654320988 0.16229423868312756 0.033950617283950615 0.041666666666666664
0 0.14583333333333334 0.2618312757201646 0.015432098765432098 0.029835390946502057
0 0.7067901234567902 0.15920781893004116 0.022376543209876542 0.035493827160493825
0 0.17901234567901234 0.2736625514403292 0.033179012345679014 0.03909465020576132
0 0.8057484567901234 0.15303497942386832 0.030478395061728395 0.028292181069958847
0 0.18325617283950618 0.25128600823045266 0.017746913580246913 0.016975308641975308
0 0.023919753086419752 0.25308641975308643 0.013888888888888888 0.012345679012345678
0 0.1394675925925926 0.22479423868312756 0.01273148148148148 0.02263374485596708
0 0.08371913580246913 0.2713477366255144 0.007716049382716049 0.01594650205761317
0 0.18016975308641975 0.17103909465020575 0.008487654320987654 0.013888888888888888
0 0.1873070987654321 0.17824074074074073 0.017361111111111112 0.023148148148148147
0 0.17592592592592593 0.15689300411522633 0.010802469135802469 0.01131687242798354
0 0.20987654320987653 0.13271604938271606 0.012345679012345678 0.00823045267489712
0 0.2743055555555556 0.11676954732510288 0.008487654320987654 0.012345679012345678
