0 0.1876929012345679 0.2718621399176955 0.018132716049382717 0.029320987654320986
0 0.2663966049382716 0.19135802469135801 0.02507716049382716 0.0257201646090535
0 0.1840277777777778 0.2525720164609053 0.015432098765432098 0.01748971193415638
0 0.16743827160493827 0.22325102880658437 0.020061728395061727 0.029835390946502057
0 0.6537422839506173 0.1383744855967078 0.03279320987654321 0.027777777777777776
0 0.8167438271604939 0.15612139917695472 0.035493827160493825 0.029320987654320986
0 0.7534722222222222 0.16280864197530864 0.02700617283950617 0.016975308641975308
0 0.11766975308641975 0.24434156378600824 0.010030864197530864 0.018518518518518517
0 0.07716049382716049 0.2705761316872428 0.014660493827160493 0.027777777777777776
0 0.16994598765432098 0.18364197530864199 0.005787037037037037 0.018518518518518517
0 0.19483024691358025 0.14429012345679013 0.009259259259259259 0.010802469135802469
0 0.24440586419753085 0.14377572016460904 0.010416666666666666 0.01800411522633745
0 0.23823302469135801 0.14994855967078188 0.011188271604938271 0.023148148148148147
0 0.22665895061728394 0.1257716049382716 0.006558641975308642 0.00874485596707819
