0 0.7498070987654321 0.16435185185185186 0.02199074074074074 0.01800411522633745
0 0.18267746913580246 0.25128600823045266 0.016589506172839507 0.016975308641975308
0 0.1697530864197531 0.28780864197530864 0.03780864197530864 0.038580246913580245
0 0.27642746913580246 0.18724279835390947 0.025848765432098766 0.027777777777777776
0 0.6795910493827161 0.14351851851851852 0.015817901234567902 0.029835390946502057
0 0.7096836419753086 0.12397119341563786 0.027391975308641976 0.023662551440329218
0 0.1554783950617284 0.23276748971193414 0.020061728395061727 0.03137860082304527
0 0.11882716049382716 0.2440843621399177 0.010802469135802469 0.01903292181069959
0 0.06616512345679013 0.27906378600823045 0.01273148148148148 0.02726337448559671
0 0.17824074074074073 0.18930041152263374 0.018518518518518517 0.021604938271604937
0 0.2199074074074074 0.1301440329218107 0.010802469135802469 0.01440329218106996
0 0.21084104938271606 0.13631687242798354 0.004243827160493827 0.0051440329218107
0 0.18344907407407407 0.14891975308641975 0.009645061728395061 0.01286008230452675
0 0.24112654320987653 0.15123456790123457 0.008487654320987654 0.01748971193415638
0 0.25675154320987653 0.13991769547325103 0.01273148148148148 0.01440329218106996
