0 0.19174382716049382 0.2713477366255144 0.026234567901234566 0.02726337448559671
0 0.1840277777777778 0.25308641975308643 0.013117283950617283 0.012345679012345678
0 0.16628086419753085 0.22376543209876543 0.017746913580246913 0.024691358024691357
0 0.7970679012345679 0.15200617283950618 0.033950617283950615 0.026234567901234566
0 0.7501929012345679 0.16435185185185186 0.02353395061728395 0.01594650205761317
0 0.6510416666666666 0.13863168724279834 0.02816358024691358 0.02417695473251029
0 0.27295524691358025 0.18904320987654322 0.025848765432098766 0.02417695473251029
0 0.19290123456790123 0.14531893004115226 0.008487654320987654 0.011831275720164609
0 0.22492283950617284 0.12731481481481483 0.010030864197530864 0.00977366255144033
0 0.24382716049382716 0.14943415637860083 0.010030864197530864 0.01594650205761317
0 0.2544367283950617 0.1419753086419753 0.0073302469135802465 0.012345679012345678
0 0.11824845679012345 0.24305555555555555 0.008101851851851851 0.016975308641975308
0 0.07619598765432099 0.2690329218106996 0.019675925925925927 0.029835390946502057
