0 0.6255787037037037 0.1044238683127572 0.01427469135802469 0.01954732510288066
0 0.14834104938271606 0.25925925925925924 0.015046296296296295 0.029835390946502057
0 0.5459104938271605 0.1522633744855967 0.043209876543209874 0.026748971193415638
0 0.7060185185185185 0.15920781893004116 0.024691358024691357 0.03652263374485597
0 0.18325617283950618 0.25205761316872427 0.016203703703703703 0.01954732510288066
0 0.8425925925925926 0.1743827160493827 0.031635802469135804 0.03189300411522634
0 0.20756172839506173 0.25385802469135804 0.023148148148148147 0.035493827160493825
0 0.016203703703703703 0.25771604938271603 0.015432098765432098 0.012345679012345678
0 0.1404320987654321 0.22402263374485595 0.012345679012345678 0.02109053497942387
0 0.19020061728395063 0.17695473251028807 0.016203703703703703 0.021604938271604937
0 0.1886574074074074 0.15200617283950618 0.006172839506172839 0.011831275720164609
0 0.20775462962962962 0.13348765432098766 0.006558641975308642 0.00874485596707819
0 0.2029320987654321 0.13708847736625515 0.0030864197530864196 0.004629629629629629
0 0.27102623456790126 0.11728395061728394 0.0073302469135802465 0.009259259259259259
0 0.08410493827160494 0.2716049382716049 0.007716049382716049 0.01440329218106996
