0 0.2986111111111111 0.18132716049382716 0.02546296296296296 0.022119341563786008
0 0.6917438271604939 0.11316872427983539 0.024691358024691357 0.02263374485596708
0 0.6778549382716049 0.12422839506172839 0.023919753086419752 0.02109053497942387
0 0.5958719135802469 0.11059670781893004 0.018132716049382717 0.0205761316872428
0 0.19386574074074073 0.25051440329218105 0.015817901234567902 0.02263374485596708
0 0.2048611111111111 0.21862139917695472 0.02546296296296296 0.023662551440329218
0 0.7241512345679012 0.1697530864197531 0.04089506172839506 0.033950617283950615
0 0.140625 0.2337962962962963 0.016589506172839507 0.014917695473251029
0 0.05227623456790124 0.2330246913580247 0.01273148148148148 0.01440329218106996
0 0.12268518518518519 0.1867283950617284 0.006172839506172839 0.012345679012345678
0 0.18229166666666666 0.1815843621399177 0.008101851851851851 0.013374485596707819
0 0.08545524691358025 0.27109053497942387 0.006558641975308642 0.01440329218106996
0 0.2619598765432099 0.12885802469135801 0.011574074074074073 0.013888888888888888
